user_id	gender	age	country	subscription_type	listening_time	songs_played_per_day	skip_rate	device_type	ads_listened_per_week	offline_listening	is_churned
1	Female	54	CA	Free	26	23	0.2	Desktop	31	0	1
2	Other	33	DE	Family	141	62	0.34	Web	0	1	0
3	Male	38	AU	Premium	199	38	0.04	Mobile	0	1	1
4	Female	22	CA	Student	36	2	0.31	Mobile	0	1	0
5	Other	29	US	Family	250	57	0.36	Mobile	0	1	1
6	Female	17	AU	Free	219	35	0.46	Desktop	13	0	0
7	Female	39	UK	Premium	289	44	0.38	Desktop	0	1	0
8	Female	41	UK	Free	210	68	0.11	Mobile	5	0	0
9	Other	55	DE	Student	50	66	0.29	Web	0	1	0
10	Male	44	DE	Free	278	94	0.38	Mobile	44	0	0
11	Other	33	DE	Free	86	44	0.11	Web	37	0	0
12	Other	24	CA	Free	113	24	0.56	Desktop	39	0	1
13	Female	37	IN	Family	24	86	0.11	Desktop	0	1	0
14	Female	53	US	Premium	45	47	0.6	Web	0	1	0
15	Other	37	IN	Family	114	13	0.44	Web	0	1	1
16	Male	25	FR	Student	230	25	0.26	Desktop	0	1	0
17	Female	36	DE	Student	181	93	0.23	Mobile	0	1	0
18	Male	58	US	Family	120	8	0.41	Desktop	0	1	0
19	Female	34	DE	Family	160	32	0.35	Mobile	0	1	0
20	Male	35	UK	Student	281	51	0.35	Desktop	0	1	0
21	Female	33	AU	Student	138	60	0.6	Web	0	1	0
22	Male	49	AU	Premium	20	7	0.45	Desktop	0	1	0
23	Female	45	PK	Family	138	95	0.1	Desktop	0	1	0
24	Male	44	CA	Family	134	97	0.42	Web	0	1	0
25	Other	32	CA	Premium	133	22	0.59	Desktop	0	1	0
26	Female	19	US	Student	39	29	0.53	Desktop	0	1	0
27	Male	28	IN	Free	293	67	0.33	Mobile	23	0	1
28	Other	58	FR	Free	15	55	0.3	Mobile	35	0	0
29	Male	33	FR	Free	123	13	0.22	Desktop	7	0	0
30	Female	22	FR	Premium	18	12	0.39	Mobile	0	1	0
31	Other	44	UK	Premium	149	45	0.22	Web	0	1	0
32	Male	53	US	Student	72	12	0.17	Web	0	1	0
33	Female	49	IN	Premium	291	74	0.11	Mobile	0	1	0
34	Male	49	US	Family	147	52	0.43	Web	0	1	0
35	Female	55	FR	Premium	18	2	0.04	Mobile	0	1	0
36	Other	24	DE	Free	59	53	0.18	Web	28	0	1
37	Male	22	DE	Student	280	99	0.29	Desktop	0	1	0
38	Female	50	US	Family	117	98	0.04	Mobile	0	1	0
39	Female	42	DE	Family	47	59	0.06	Desktop	0	1	0
40	Male	17	DE	Family	260	44	0.5	Desktop	0	1	1
41	Female	51	UK	Premium	122	16	0.54	Desktop	0	1	0
42	Female	46	US	Student	255	14	0.39	Desktop	0	1	0
43	Male	22	DE	Family	49	39	0.51	Mobile	0	1	0
44	Male	37	DE	Family	90	89	0.4	Mobile	0	1	0
45	Male	39	PK	Family	288	69	0.48	Web	0	1	0
46	Female	18	PK	Premium	255	3	0.39	Web	0	1	0
47	Female	56	CA	Student	255	75	0.58	Desktop	0	1	0
48	Male	58	US	Family	26	23	0.08	Mobile	0	1	0
49	Other	59	US	Family	238	60	0.29	Desktop	0	1	0
50	Male	50	PK	Free	241	7	0.56	Desktop	22	0	1
51	Female	45	CA	Premium	124	98	0.36	Desktop	0	1	0
52	Other	56	FR	Premium	175	67	0.38	Web	0	1	0
53	Female	38	AU	Free	41	3	0	Desktop	43	0	1
54	Male	57	DE	Free	222	96	0.26	Web	15	0	0
55	Female	46	UK	Family	121	71	0.32	Desktop	0	1	0
56	Female	41	IN	Family	277	2	0.59	Web	0	1	0
57	Other	19	IN	Free	107	82	0.11	Desktop	12	0	1
58	Male	48	FR	Student	198	63	0.23	Desktop	0	1	0
59	Other	22	DE	Free	59	51	0.42	Desktop	19	0	0
60	Other	17	IN	Student	95	79	0.53	Web	0	1	1
61	Female	25	UK	Premium	262	23	0.17	Web	0	1	0
62	Other	49	PK	Student	169	26	0.56	Mobile	0	1	0
63	Other	59	IN	Free	25	32	0.2	Mobile	38	0	0
64	Female	45	CA	Family	55	67	0.51	Mobile	0	1	1
65	Male	45	IN	Student	161	42	0.4	Desktop	0	1	1
66	Other	21	FR	Family	77	42	0.56	Web	0	1	0
67	Male	45	DE	Free	152	32	0.49	Mobile	14	0	1
68	Female	45	UK	Free	156	51	0.14	Desktop	18	0	0
69	Other	22	AU	Student	99	43	0.17	Desktop	0	1	0
70	Female	56	US	Free	181	40	0.21	Mobile	10	0	0
71	Other	51	AU	Student	265	81	0.36	Web	0	1	0
72	Female	22	AU	Family	131	70	0.35	Web	0	1	0
73	Other	33	CA	Student	19	68	0.32	Desktop	0	1	1
74	Other	59	AU	Family	201	15	0.05	Mobile	0	1	0
75	Male	41	DE	Family	223	53	0.33	Web	0	1	0
76	Male	25	UK	Premium	111	83	0.19	Desktop	0	1	0
77	Male	41	FR	Family	81	6	0.47	Mobile	0	1	0
78	Other	30	FR	Family	124	73	0.43	Mobile	0	1	0
79	Male	23	US	Free	13	30	0.24	Mobile	32	0	0
80	Female	47	PK	Premium	31	72	0.53	Desktop	0	1	1
81	Male	34	AU	Premium	277	87	0.3	Web	0	1	0
82	Other	45	FR	Student	181	69	0.59	Web	0	1	0
83	Other	32	PK	Free	167	4	0.56	Mobile	35	0	0
84	Other	51	CA	Free	105	11	0.03	Web	29	0	0
85	Other	21	FR	Student	202	79	0.45	Desktop	0	1	0
86	Female	20	IN	Family	284	38	0.23	Web	0	1	0
87	Male	21	US	Premium	125	82	0.43	Web	0	1	0
88	Female	44	UK	Free	237	36	0.37	Web	20	0	0
89	Other	50	PK	Family	99	15	0.15	Mobile	0	1	0
90	Other	52	DE	Student	224	49	0.38	Desktop	0	1	0
91	Male	43	UK	Free	195	80	0.17	Web	28	0	0
92	Female	41	PK	Premium	173	85	0.22	Web	0	1	0
93	Female	57	IN	Family	210	7	0.25	Web	0	1	0
94	Other	50	UK	Free	85	7	0.45	Desktop	44	0	0
95	Female	35	FR	Family	93	1	0.4	Mobile	0	1	0
96	Other	51	IN	Student	222	97	0.03	Desktop	0	1	1
97	Male	34	CA	Premium	196	69	0.07	Web	0	1	0
98	Female	47	US	Family	215	13	0.02	Mobile	0	1	1
99	Male	19	PK	Family	22	45	0.29	Web	0	1	1
100	Female	30	UK	Student	283	13	0.02	Desktop	0	1	0
101	Female	27	FR	Free	40	15	0.5	Web	16	0	0
102	Male	25	DE	Student	251	91	0.12	Desktop	0	1	0
103	Female	47	AU	Family	240	61	0.56	Mobile	0	1	0
104	Male	33	US	Family	160	76	0.06	Web	0	1	0
105	Male	46	CA	Free	114	11	0.24	Web	19	0	0
106	Other	50	AU	Student	251	9	0.39	Web	0	1	0
107	Male	31	FR	Student	181	89	0.11	Desktop	0	1	1
108	Female	45	FR	Premium	215	16	0.26	Web	0	1	0
109	Male	51	FR	Student	119	11	0.05	Desktop	0	1	0
110	Other	33	CA	Premium	224	34	0.11	Mobile	0	1	0
111	Male	42	DE	Premium	31	61	0.29	Mobile	0	1	0
112	Male	16	CA	Family	17	10	0.27	Desktop	0	1	0
113	Other	31	FR	Student	174	29	0.13	Desktop	0	1	1
114	Male	40	AU	Family	31	48	0.33	Web	0	1	0
115	Male	57	FR	Student	84	40	0.58	Desktop	0	1	0
116	Female	17	CA	Free	198	31	0.07	Web	6	0	0
117	Male	31	CA	Student	272	40	0.12	Desktop	0	1	1
118	Other	45	UK	Family	21	73	0.16	Web	0	1	0
119	Male	59	PK	Family	251	47	0.14	Mobile	0	1	0
120	Other	49	PK	Family	95	81	0.36	Mobile	0	1	0
121	Male	59	IN	Student	169	20	0.18	Desktop	0	1	1
122	Male	47	DE	Premium	35	20	0.32	Desktop	0	1	1
123	Male	21	US	Free	32	34	0.52	Web	14	0	1
124	Female	28	DE	Free	55	67	0.53	Desktop	7	0	0
125	Female	47	US	Family	120	26	0.48	Desktop	0	1	0
126	Female	46	IN	Free	11	67	0.4	Desktop	36	0	1
127	Female	20	US	Premium	194	52	0.2	Mobile	0	1	0
128	Female	34	PK	Premium	81	85	0.29	Web	0	1	0
129	Other	24	DE	Free	217	52	0.45	Web	23	0	0
130	Male	40	US	Premium	11	11	0.42	Web	0	1	1
131	Male	48	UK	Free	72	35	0.53	Desktop	22	0	0
132	Other	47	PK	Premium	162	94	0.29	Desktop	0	1	0
133	Female	33	IN	Family	271	57	0.36	Mobile	0	1	1
134	Male	20	US	Premium	218	6	0.02	Desktop	0	1	1
135	Other	55	DE	Family	94	24	0.3	Web	0	1	0
136	Male	58	CA	Student	295	72	0.43	Desktop	0	1	0
137	Other	41	US	Premium	286	35	0.42	Desktop	0	1	0
138	Other	53	US	Student	298	37	0.5	Mobile	0	1	0
139	Female	50	CA	Family	261	20	0.39	Desktop	0	1	1
140	Other	55	US	Free	201	82	0.5	Desktop	27	0	1
141	Female	56	US	Free	40	84	0.56	Web	49	0	0
142	Other	18	AU	Premium	30	78	0.42	Mobile	0	1	0
143	Male	29	CA	Student	109	88	0.45	Web	0	1	1
144	Female	28	UK	Premium	171	19	0.48	Mobile	0	1	1
145	Male	24	PK	Family	223	31	0.09	Mobile	0	1	0
146	Other	44	AU	Family	52	17	0.2	Desktop	0	1	0
147	Other	18	IN	Family	195	94	0.49	Desktop	0	1	0
148	Other	40	PK	Premium	198	78	0	Desktop	0	1	0
149	Other	22	DE	Student	285	2	0.3	Desktop	0	1	0
150	Male	34	FR	Premium	278	83	0.24	Desktop	0	1	0
151	Male	44	AU	Premium	251	57	0.37	Desktop	0	1	0
152	Male	58	US	Student	158	52	0.27	Mobile	0	1	0
153	Female	41	PK	Family	14	41	0.59	Web	0	1	0
154	Female	52	UK	Premium	280	81	0.27	Desktop	0	1	1
155	Male	26	IN	Student	257	14	0.13	Web	0	1	0
156	Other	42	CA	Family	21	76	0.56	Web	0	1	1
157	Other	27	PK	Free	237	27	0.16	Web	40	0	0
158	Other	48	DE	Free	224	53	0.07	Mobile	43	0	0
159	Other	24	AU	Family	216	76	0.28	Mobile	0	1	0
160	Other	34	CA	Premium	137	97	0.32	Web	0	1	0
161	Other	28	DE	Free	209	84	0.53	Web	28	0	0
162	Female	17	FR	Free	36	30	0.19	Mobile	43	0	1
163	Other	50	PK	Free	95	50	0.49	Desktop	31	0	1
164	Female	35	AU	Premium	298	25	0.11	Mobile	0	1	1
165	Male	20	DE	Family	224	51	0.23	Desktop	0	1	1
166	Female	50	PK	Free	205	43	0.48	Desktop	47	0	0
167	Male	23	FR	Student	95	31	0.37	Web	0	1	0
168	Other	20	UK	Free	289	17	0.28	Desktop	35	0	0
169	Male	51	CA	Premium	168	28	0.54	Web	0	1	0
170	Female	18	PK	Free	211	48	0.48	Mobile	23	0	1
171	Male	29	DE	Premium	63	99	0.38	Mobile	0	1	0
172	Male	39	DE	Free	124	83	0.52	Mobile	35	0	0
173	Other	51	CA	Family	275	56	0.05	Web	0	1	0
174	Male	24	PK	Student	120	38	0.11	Mobile	0	1	0
175	Male	20	DE	Free	64	20	0.16	Mobile	20	0	1
176	Female	57	UK	Premium	121	86	0.08	Web	0	1	1
177	Other	16	AU	Free	184	12	0.2	Desktop	15	0	0
178	Male	18	PK	Family	219	54	0.06	Web	0	1	0
179	Male	16	DE	Free	184	40	0.01	Mobile	9	0	0
180	Female	50	UK	Family	30	37	0.25	Desktop	0	1	1
181	Male	23	DE	Free	55	46	0.41	Desktop	7	0	0
182	Female	53	AU	Premium	38	4	0.09	Mobile	0	1	0
183	Male	58	CA	Premium	281	58	0.16	Desktop	0	1	0
184	Female	31	DE	Premium	140	57	0.35	Mobile	0	1	1
185	Female	19	US	Student	130	17	0.35	Desktop	0	1	0
186	Female	36	US	Student	238	82	0.35	Web	0	1	1
187	Other	19	PK	Premium	295	53	0.55	Web	0	1	1
188	Other	26	IN	Free	265	31	0.41	Web	38	0	0
189	Other	16	US	Student	179	80	0.6	Desktop	0	1	0
190	Other	49	AU	Free	198	4	0.1	Desktop	36	0	0
191	Female	55	UK	Premium	180	17	0.08	Web	0	1	0
192	Other	21	DE	Student	267	89	0.52	Web	0	1	0
193	Other	48	CA	Free	126	22	0.58	Mobile	45	0	0
194	Female	38	IN	Family	233	94	0.29	Web	0	1	1
195	Male	59	PK	Student	161	95	0.59	Desktop	0	1	1
196	Female	31	CA	Student	100	70	0.43	Mobile	0	1	0
197	Female	24	US	Student	240	45	0.53	Web	0	1	1
198	Male	55	UK	Student	170	95	0.45	Mobile	0	1	0
199	Male	53	UK	Family	150	29	0.18	Desktop	0	1	0
200	Other	31	US	Family	203	79	0.15	Web	0	1	0
201	Female	49	AU	Free	226	31	0.24	Desktop	32	0	0
202	Other	49	UK	Premium	31	93	0.03	Desktop	0	1	0
203	Female	33	DE	Premium	81	34	0.09	Mobile	0	1	0
204	Other	59	PK	Free	62	99	0.55	Mobile	5	0	0
205	Female	58	AU	Free	202	22	0.45	Mobile	36	0	0
206	Other	49	PK	Free	207	33	0.09	Web	9	0	1
207	Male	42	DE	Student	20	38	0.6	Web	0	1	0
208	Other	24	AU	Free	113	42	0.56	Desktop	32	0	1
209	Male	33	IN	Free	168	42	0.12	Desktop	49	0	0
210	Other	20	IN	Student	251	79	0.37	Web	0	1	0
211	Other	42	IN	Free	222	95	0.04	Desktop	29	0	0
212	Female	16	DE	Free	74	33	0.12	Mobile	13	0	0
213	Male	37	CA	Premium	139	71	0.16	Desktop	0	1	0
214	Female	26	FR	Free	160	23	0.06	Web	45	0	0
215	Other	46	US	Premium	37	94	0.37	Web	0	1	0
216	Male	36	US	Family	199	4	0.12	Desktop	0	1	0
217	Other	32	FR	Free	204	87	0.42	Desktop	14	0	0
218	Other	18	IN	Family	181	67	0.56	Desktop	0	1	1
219	Other	20	DE	Premium	269	4	0.31	Web	0	1	0
220	Female	19	IN	Free	245	9	0.07	Mobile	42	0	0
221	Other	34	CA	Student	50	54	0.59	Web	0	1	0
222	Other	50	DE	Student	272	46	0.12	Web	0	1	0
223	Other	36	FR	Family	271	26	0.5	Web	0	1	0
224	Other	53	DE	Student	252	68	0.04	Web	0	1	1
225	Female	31	PK	Student	155	2	0.36	Desktop	0	1	1
226	Female	40	FR	Free	66	80	0.02	Mobile	48	0	1
227	Female	41	CA	Student	51	26	0.19	Web	0	1	0
228	Male	27	UK	Free	174	6	0.54	Mobile	7	0	0
229	Other	52	DE	Student	165	20	0.01	Desktop	0	1	1
230	Other	49	AU	Premium	73	39	0.11	Mobile	0	1	0
231	Male	51	DE	Student	10	11	0.09	Web	0	1	0
232	Female	19	FR	Premium	279	26	0.03	Web	0	1	0
233	Male	41	UK	Free	222	4	0.06	Mobile	26	0	1
234	Male	49	DE	Premium	39	6	0.54	Web	0	1	0
235	Male	17	FR	Premium	40	97	0.08	Mobile	0	1	1
236	Female	22	UK	Premium	254	86	0.45	Desktop	0	1	1
237	Male	31	UK	Family	227	23	0.55	Mobile	0	1	1
238	Female	19	FR	Premium	244	5	0.34	Web	0	1	0
239	Female	37	CA	Free	113	85	0.23	Mobile	27	0	1
240	Female	43	UK	Free	218	6	0.01	Mobile	15	0	1
241	Male	29	UK	Free	144	94	0.33	Desktop	19	0	0
242	Female	51	CA	Premium	143	48	0.09	Web	0	1	0
243	Male	41	CA	Premium	110	61	0.44	Mobile	0	1	0
244	Other	24	FR	Family	283	90	0.53	Web	0	1	0
245	Other	19	PK	Premium	276	15	0.28	Mobile	0	1	0
246	Male	48	IN	Premium	178	70	0.29	Desktop	0	1	0
247	Other	37	US	Premium	114	13	0.49	Desktop	0	1	0
248	Female	59	US	Free	98	24	0.32	Mobile	8	0	0
249	Female	54	IN	Family	49	27	0.29	Mobile	0	1	0
250	Female	36	AU	Premium	28	39	0.27	Web	0	1	0
251	Other	58	FR	Premium	259	67	0.17	Mobile	0	1	0
252	Other	20	CA	Free	279	84	0.43	Desktop	24	0	0
253	Other	18	AU	Premium	139	58	0.09	Web	0	1	1
254	Female	35	DE	Free	53	97	0.45	Desktop	29	0	0
255	Male	57	UK	Family	255	82	0.19	Mobile	0	1	0
256	Other	55	CA	Premium	259	20	0.01	Mobile	0	1	0
257	Other	53	PK	Free	112	33	0.34	Mobile	30	0	0
258	Other	22	US	Premium	260	75	0.36	Web	0	1	0
259	Other	51	IN	Premium	91	3	0.49	Desktop	0	1	0
260	Female	43	PK	Free	92	18	0.19	Mobile	25	0	0
261	Other	37	AU	Free	140	14	0.02	Mobile	31	0	0
262	Male	29	US	Premium	259	28	0.19	Desktop	0	1	1
263	Male	17	UK	Student	119	73	0.22	Desktop	0	1	0
264	Male	36	IN	Student	99	92	0.54	Web	0	1	1
265	Male	53	AU	Free	265	49	0.2	Desktop	41	0	1
266	Female	54	IN	Premium	299	93	0.27	Mobile	0	1	1
267	Female	59	AU	Free	255	75	0.56	Web	38	0	0
268	Other	42	DE	Family	157	96	0.48	Web	0	1	1
269	Other	36	AU	Family	176	15	0.11	Mobile	0	1	0
270	Female	22	AU	Student	146	45	0.44	Mobile	0	1	0
271	Male	19	DE	Family	211	64	0.15	Mobile	0	1	0
272	Male	47	IN	Premium	191	42	0.52	Mobile	0	1	1
273	Male	29	CA	Premium	218	72	0.29	Mobile	0	1	0
274	Other	32	CA	Family	128	94	0.48	Web	0	1	0
275	Other	47	US	Free	30	10	0.38	Web	37	0	0
276	Male	30	DE	Family	176	17	0.35	Mobile	0	1	0
277	Male	23	UK	Premium	50	45	0.08	Mobile	0	1	0
278	Other	37	FR	Free	267	72	0.12	Desktop	38	0	0
279	Other	17	PK	Student	20	84	0.45	Web	0	1	0
280	Female	45	US	Family	134	92	0.31	Mobile	0	1	0
281	Female	42	AU	Student	282	57	0.31	Mobile	0	1	0
282	Male	42	US	Premium	52	55	0.05	Web	0	1	1
283	Other	31	AU	Premium	97	37	0.59	Web	0	1	0
284	Female	53	IN	Free	58	63	0.45	Mobile	45	0	0
285	Other	47	AU	Premium	126	71	0.29	Desktop	0	1	1
286	Female	40	FR	Premium	172	48	0.54	Web	0	1	0
287	Female	35	PK	Free	258	36	0.2	Desktop	24	0	1
288	Female	33	IN	Free	291	31	0.29	Desktop	39	0	0
289	Other	44	DE	Free	27	96	0.04	Desktop	27	0	1
290	Other	41	UK	Family	262	32	0.47	Desktop	0	1	0
291	Male	32	DE	Premium	52	52	0.47	Desktop	0	1	1
292	Other	20	CA	Student	108	26	0.17	Web	0	1	0
293	Male	51	US	Premium	235	5	0.28	Desktop	0	1	0
294	Female	25	US	Student	213	36	0.28	Web	0	1	0
295	Other	32	PK	Premium	169	6	0.13	Web	0	1	1
296	Female	34	DE	Student	158	84	0.1	Mobile	0	1	1
297	Male	34	DE	Premium	293	30	0.16	Desktop	0	1	0
298	Male	45	DE	Premium	99	84	0.58	Web	0	1	1
299	Female	45	US	Student	194	40	0.59	Desktop	0	1	0
300	Other	50	US	Premium	126	86	0.52	Mobile	0	1	0
301	Female	45	UK	Family	102	18	0.08	Mobile	0	1	0
302	Female	55	PK	Free	210	32	0.15	Web	29	0	1
303	Female	32	US	Free	134	71	0.43	Mobile	14	0	0
304	Male	48	UK	Premium	62	25	0.53	Web	0	1	0
305	Other	36	US	Premium	183	29	0.53	Web	0	1	0
306	Other	39	DE	Premium	279	97	0.36	Mobile	0	1	0
307	Other	59	CA	Premium	159	48	0.21	Mobile	0	1	1
308	Male	23	US	Premium	187	22	0.14	Desktop	0	1	1
309	Other	41	UK	Family	57	3	0.41	Mobile	0	1	0
310	Female	31	FR	Family	133	88	0.07	Desktop	0	1	0
311	Male	48	IN	Student	168	78	0.41	Desktop	0	1	0
312	Female	21	AU	Family	251	47	0.55	Mobile	0	1	0
313	Other	18	AU	Family	71	18	0	Web	0	1	0
314	Female	25	FR	Student	178	84	0.32	Desktop	0	1	0
315	Male	56	IN	Student	206	64	0.1	Mobile	0	1	1
316	Male	34	FR	Free	36	12	0.22	Mobile	44	0	0
317	Other	25	CA	Family	122	69	0.09	Web	0	1	0
318	Male	24	PK	Premium	158	51	0.26	Web	0	1	0
319	Other	41	FR	Student	223	79	0.05	Mobile	0	1	0
320	Male	38	IN	Student	251	65	0.44	Desktop	0	1	0
321	Other	19	US	Family	294	5	0.44	Web	0	1	0
322	Other	25	IN	Student	12	2	0.34	Web	0	1	1
323	Male	55	IN	Family	218	58	0.36	Desktop	0	1	0
324	Male	17	UK	Free	49	26	0.54	Desktop	12	0	0
325	Female	50	FR	Student	66	13	0.58	Mobile	0	1	1
326	Other	39	DE	Free	295	20	0.09	Mobile	21	0	1
327	Male	26	AU	Student	131	98	0.24	Desktop	0	1	0
328	Other	34	UK	Free	203	10	0.1	Desktop	42	0	0
329	Female	32	CA	Premium	201	38	0.44	Web	0	1	0
330	Female	40	CA	Student	59	35	0.37	Desktop	0	1	0
331	Male	32	US	Family	119	39	0.45	Web	0	1	0
332	Female	51	CA	Premium	219	96	0.51	Web	0	1	1
333	Male	46	CA	Family	152	83	0.58	Mobile	0	1	0
334	Female	51	CA	Premium	157	9	0.57	Web	0	1	0
335	Female	38	CA	Free	89	59	0.15	Mobile	21	0	0
336	Female	54	FR	Family	63	68	0.21	Mobile	0	1	0
337	Male	59	UK	Premium	93	36	0.39	Desktop	0	1	0
338	Other	41	AU	Student	97	78	0.02	Web	0	1	0
339	Other	34	IN	Premium	289	79	0.09	Desktop	0	1	0
340	Female	55	IN	Family	291	39	0.3	Mobile	0	1	1
341	Female	34	UK	Family	291	70	0.22	Desktop	0	1	0
342	Female	20	UK	Student	218	76	0.58	Web	0	1	1
343	Female	20	CA	Premium	56	55	0.18	Web	0	1	0
344	Male	32	IN	Student	157	12	0.48	Web	0	1	1
345	Female	37	DE	Student	171	65	0.52	Web	0	1	1
346	Other	50	CA	Family	16	64	0.05	Web	0	1	0
347	Female	21	DE	Family	207	21	0.18	Web	0	1	1
348	Male	48	US	Premium	123	37	0.27	Web	0	1	0
349	Male	46	IN	Premium	55	48	0.47	Web	0	1	1
350	Other	44	AU	Free	49	43	0.25	Desktop	5	0	0
351	Female	55	PK	Free	62	57	0.58	Web	7	0	0
352	Female	57	AU	Student	85	32	0	Desktop	0	1	0
353	Other	41	CA	Family	78	33	0.04	Desktop	0	1	0
354	Male	50	CA	Free	107	7	0.42	Desktop	27	0	1
355	Other	32	FR	Free	202	29	0.14	Web	41	0	0
356	Male	51	PK	Family	211	25	0.51	Mobile	0	1	0
357	Female	26	FR	Free	73	27	0.19	Web	26	0	1
358	Male	22	PK	Premium	229	70	0.02	Desktop	0	1	0
359	Other	19	UK	Free	164	21	0.53	Desktop	8	0	0
360	Female	49	DE	Family	61	33	0.48	Desktop	0	1	1
361	Male	56	IN	Free	164	66	0.3	Desktop	34	0	0
362	Other	39	PK	Free	232	2	0.14	Mobile	27	0	0
363	Other	57	PK	Student	146	98	0.06	Mobile	0	1	1
364	Other	18	AU	Premium	42	27	0.22	Web	0	1	1
365	Male	43	CA	Free	265	89	0.56	Desktop	28	0	0
366	Female	32	US	Family	275	47	0.59	Mobile	0	1	1
367	Other	33	US	Student	295	1	0.03	Desktop	0	1	1
368	Other	16	IN	Free	269	13	0.54	Desktop	40	0	0
369	Other	50	FR	Family	224	18	0.09	Desktop	0	1	0
370	Female	42	PK	Free	51	60	0.22	Desktop	17	0	0
371	Other	49	UK	Family	100	49	0.37	Desktop	0	1	1
372	Female	35	FR	Premium	267	63	0.6	Web	0	1	0
373	Other	54	IN	Free	102	35	0.06	Mobile	40	0	0
374	Male	44	PK	Free	84	64	0.57	Web	23	0	1
375	Female	21	FR	Free	289	92	0.2	Mobile	27	0	1
376	Male	44	FR	Family	173	30	0.38	Desktop	0	1	0
377	Male	46	AU	Family	42	77	0.34	Web	0	1	0
378	Other	53	AU	Family	261	76	0.41	Desktop	0	1	0
379	Other	39	US	Free	163	2	0.03	Web	38	0	1
380	Other	26	AU	Student	175	9	0.37	Web	0	1	0
381	Female	35	DE	Student	259	96	0.48	Mobile	0	1	1
382	Other	51	PK	Premium	103	58	0.06	Mobile	0	1	0
383	Other	55	DE	Family	148	52	0.43	Desktop	0	1	0
384	Female	45	PK	Premium	50	19	0.02	Mobile	0	1	0
385	Female	53	PK	Family	187	27	0.11	Desktop	0	1	1
386	Female	16	DE	Student	57	48	0.52	Web	0	1	0
387	Male	32	FR	Free	51	70	0.38	Web	19	0	0
388	Other	26	FR	Free	146	4	0.59	Mobile	16	0	0
389	Female	48	UK	Free	210	60	0.05	Desktop	42	0	1
390	Other	59	UK	Family	58	55	0.25	Web	0	1	0
391	Female	42	IN	Family	124	11	0.16	Mobile	0	1	0
392	Female	40	IN	Student	273	80	0.26	Mobile	0	1	1
393	Female	53	PK	Free	49	74	0.47	Mobile	19	0	0
394	Female	38	US	Student	119	73	0.11	Web	0	1	0
395	Female	58	CA	Student	225	10	0.08	Web	0	1	0
396	Other	24	US	Free	203	75	0.26	Desktop	27	0	0
397	Other	36	DE	Family	21	11	0.28	Web	0	1	0
398	Female	53	UK	Student	120	66	0.25	Mobile	0	1	1
399	Male	21	AU	Student	59	34	0.11	Web	0	1	0
400	Male	43	FR	Family	272	5	0.24	Desktop	0	1	0
401	Female	26	US	Premium	228	24	0.12	Mobile	0	1	0
402	Male	23	DE	Student	131	23	0.32	Desktop	0	1	0
403	Female	40	PK	Student	103	39	0.08	Web	0	1	1
404	Female	37	CA	Free	152	87	0.57	Desktop	23	0	0
405	Male	33	PK	Family	261	18	0.28	Desktop	0	1	1
406	Other	26	US	Family	276	46	0.2	Mobile	0	1	1
407	Other	43	AU	Family	58	22	0.37	Desktop	0	1	0
408	Other	46	CA	Premium	118	98	0.53	Web	0	1	0
409	Male	23	AU	Free	256	83	0.17	Mobile	29	0	0
410	Female	30	CA	Free	84	22	0.25	Mobile	5	0	0
411	Female	32	AU	Premium	51	8	0.29	Desktop	0	1	0
412	Female	29	AU	Free	107	23	0.52	Web	17	0	1
413	Other	19	US	Free	289	61	0.31	Desktop	18	0	0
414	Male	19	AU	Premium	264	89	0.35	Web	0	1	0
415	Male	24	FR	Premium	227	97	0.03	Web	0	1	0
416	Other	16	UK	Free	97	86	0.15	Desktop	26	0	0
417	Male	44	CA	Premium	168	40	0.56	Mobile	0	1	1
418	Male	42	UK	Premium	23	66	0.49	Desktop	0	1	0
419	Female	55	FR	Premium	271	98	0.5	Desktop	0	1	1
420	Other	38	UK	Premium	104	59	0.01	Web	0	1	1
421	Male	30	AU	Free	251	59	0.11	Desktop	28	0	0
422	Female	20	CA	Student	105	75	0.25	Desktop	0	1	0
423	Female	40	AU	Student	281	77	0.38	Web	0	1	0
424	Female	58	FR	Free	93	50	0.18	Mobile	39	0	0
425	Other	20	AU	Family	146	74	0.33	Web	0	1	0
426	Male	43	DE	Premium	170	73	0.48	Desktop	0	1	0
427	Other	37	US	Premium	40	91	0.57	Mobile	0	1	0
428	Other	48	IN	Student	171	31	0.4	Desktop	0	1	0
429	Other	53	PK	Family	36	67	0.21	Mobile	0	1	0
430	Other	25	CA	Free	274	57	0.05	Web	38	0	0
431	Female	51	CA	Family	79	71	0.11	Desktop	0	1	0
432	Other	42	UK	Family	91	81	0.52	Mobile	0	1	0
433	Other	50	PK	Premium	69	20	0.13	Mobile	0	1	1
434	Other	56	FR	Family	14	93	0.07	Desktop	0	1	1
435	Female	47	US	Premium	55	7	0.54	Web	0	1	0
436	Male	41	US	Free	88	34	0.3	Web	48	0	0
437	Male	20	IN	Premium	236	78	0.35	Mobile	0	1	0
438	Male	57	IN	Free	214	85	0.58	Desktop	17	0	0
439	Other	35	DE	Free	172	5	0.05	Desktop	27	0	0
440	Male	40	PK	Family	163	11	0.3	Mobile	0	1	0
441	Female	46	IN	Premium	123	9	0.27	Desktop	0	1	0
442	Male	48	US	Free	251	28	0.49	Web	46	0	0
443	Other	49	UK	Free	191	92	0.49	Web	29	0	0
444	Male	44	AU	Family	35	14	0.44	Web	0	1	0
445	Other	47	AU	Student	250	86	0	Mobile	0	1	1
446	Other	46	PK	Student	247	67	0.32	Desktop	0	1	1
447	Other	44	FR	Premium	18	51	0.38	Web	0	1	1
448	Male	52	IN	Student	296	35	0.22	Web	0	1	0
449	Other	37	FR	Free	25	62	0.47	Mobile	14	0	0
450	Male	41	US	Premium	166	86	0.03	Desktop	0	1	0
451	Female	55	DE	Student	98	17	0.17	Desktop	0	1	1
452	Female	28	DE	Student	288	86	0.16	Mobile	0	1	1
453	Male	40	US	Premium	10	54	0.5	Web	0	1	0
454	Male	19	IN	Premium	188	15	0.27	Desktop	0	1	0
455	Male	53	CA	Free	65	55	0.56	Desktop	33	0	0
456	Other	20	FR	Family	210	82	0.51	Web	0	1	0
457	Female	18	UK	Student	128	28	0.33	Mobile	0	1	1
458	Female	25	US	Family	72	32	0.32	Desktop	0	1	1
459	Male	26	UK	Student	150	40	0.06	Desktop	0	1	0
460	Male	24	PK	Student	57	35	0.48	Web	0	1	0
461	Female	41	PK	Student	199	12	0.4	Web	0	1	1
462	Male	21	CA	Student	211	96	0.57	Desktop	0	1	0
463	Female	30	CA	Family	115	68	0.49	Desktop	0	1	0
464	Male	37	AU	Free	260	30	0.51	Web	37	0	0
465	Male	39	DE	Free	110	17	0.58	Desktop	24	0	0
466	Female	53	PK	Free	224	11	0.11	Mobile	12	0	0
467	Female	39	IN	Family	63	96	0.32	Mobile	0	1	0
468	Male	48	FR	Family	40	62	0.01	Mobile	0	1	0
469	Other	41	CA	Student	163	45	0.47	Web	0	1	1
470	Other	52	DE	Free	211	48	0.47	Desktop	27	0	0
471	Male	51	CA	Premium	72	82	0.44	Web	0	1	0
472	Male	20	US	Premium	16	82	0.09	Web	0	1	0
473	Other	58	DE	Premium	205	11	0.47	Mobile	0	1	0
474	Other	22	UK	Premium	290	17	0.43	Mobile	0	1	0
475	Other	33	IN	Student	86	30	0.55	Web	0	1	0
476	Female	35	DE	Free	34	1	0.45	Desktop	30	0	1
477	Female	21	IN	Premium	192	95	0.3	Desktop	0	1	0
478	Male	31	PK	Premium	65	7	0.04	Desktop	0	1	0
479	Other	54	FR	Free	225	60	0.19	Mobile	17	0	1
480	Female	49	UK	Free	266	2	0.46	Desktop	16	0	1
481	Other	44	DE	Premium	196	36	0.42	Web	0	1	0
482	Other	51	UK	Free	294	73	0.28	Mobile	15	0	0
483	Female	56	DE	Family	38	82	0.31	Desktop	0	1	1
484	Female	33	CA	Student	123	23	0.31	Desktop	0	1	0
485	Male	42	US	Premium	102	95	0.14	Web	0	1	0
486	Female	19	UK	Premium	43	30	0.32	Desktop	0	1	0
487	Male	16	DE	Student	112	81	0.07	Mobile	0	1	1
488	Male	29	AU	Student	150	27	0.1	Desktop	0	1	0
489	Male	43	AU	Premium	28	41	0.17	Web	0	1	0
490	Other	42	DE	Student	256	12	0.51	Mobile	0	1	1
491	Other	38	US	Premium	205	38	0.38	Web	0	1	0
492	Male	20	US	Student	174	85	0.5	Web	0	1	0
493	Male	23	AU	Student	181	89	0.29	Mobile	0	1	1
494	Female	51	FR	Student	299	71	0.58	Desktop	0	1	1
495	Male	17	DE	Student	292	27	0.17	Mobile	0	1	0
496	Other	17	PK	Premium	141	15	0.45	Web	0	1	0
497	Female	37	IN	Family	184	14	0.59	Mobile	0	1	0
498	Male	55	CA	Student	118	13	0.42	Desktop	0	1	0
499	Female	48	FR	Premium	164	70	0.15	Mobile	0	1	0
500	Other	38	IN	Free	283	69	0.01	Desktop	35	0	0
501	Other	55	IN	Student	47	24	0.59	Mobile	0	1	0
502	Female	23	AU	Student	101	88	0.45	Web	0	1	1
503	Other	49	US	Free	270	92	0.38	Web	26	0	0
504	Other	38	UK	Free	208	18	0.38	Desktop	46	0	0
505	Other	40	CA	Student	172	21	0.36	Desktop	0	1	0
506	Male	31	FR	Premium	236	11	0.13	Web	0	1	0
507	Male	36	DE	Premium	265	25	0.19	Web	0	1	0
508	Female	57	AU	Free	54	65	0.01	Mobile	35	0	1
509	Other	48	FR	Family	191	78	0.32	Mobile	0	1	0
510	Male	21	US	Family	251	94	0.12	Desktop	0	1	0
511	Other	21	DE	Premium	260	97	0.25	Desktop	0	1	0
512	Female	23	FR	Premium	213	64	0.34	Web	0	1	1
513	Other	28	DE	Family	152	11	0.15	Web	0	1	0
514	Female	53	FR	Free	226	99	0.05	Desktop	49	0	0
515	Female	20	CA	Free	115	28	0.09	Desktop	29	0	0
516	Female	43	PK	Free	55	64	0.07	Web	46	0	1
517	Other	25	US	Family	123	18	0.56	Mobile	0	1	0
518	Other	56	US	Free	110	42	0.4	Desktop	16	0	1
519	Male	21	AU	Premium	164	90	0.55	Desktop	0	1	0
520	Other	24	DE	Premium	185	77	0.54	Desktop	0	1	0
521	Male	38	DE	Premium	262	5	0.31	Mobile	0	1	0
522	Other	20	CA	Premium	230	32	0.04	Desktop	0	1	0
523	Male	28	IN	Student	17	64	0.42	Web	0	1	1
524	Male	58	DE	Student	274	18	0.03	Desktop	0	1	0
525	Male	47	CA	Family	75	19	0.28	Mobile	0	1	0
526	Female	24	US	Free	250	81	0.27	Desktop	16	0	0
527	Other	20	US	Premium	35	61	0.33	Web	0	1	0
528	Other	41	DE	Premium	33	1	0.08	Web	0	1	1
529	Male	35	PK	Free	270	39	0.29	Web	30	0	0
530	Female	21	PK	Student	192	52	0.46	Web	0	1	1
531	Other	17	AU	Family	195	60	0.26	Desktop	0	1	0
532	Other	49	FR	Family	288	46	0.05	Web	0	1	0
533	Male	35	US	Student	155	84	0.21	Web	0	1	1
534	Other	34	AU	Family	136	3	0.04	Mobile	0	1	1
535	Male	38	UK	Premium	137	38	0.02	Desktop	0	1	0
536	Other	35	DE	Free	111	62	0.47	Web	13	0	1
537	Other	38	PK	Family	211	72	0.35	Desktop	0	1	0
538	Female	39	DE	Premium	168	69	0.54	Desktop	0	1	1
539	Female	53	AU	Student	86	27	0.15	Mobile	0	1	0
540	Other	42	IN	Premium	219	2	0.04	Mobile	0	1	0
541	Female	40	DE	Family	66	51	0.3	Mobile	0	1	0
542	Male	48	FR	Premium	73	97	0.41	Mobile	0	1	1
543	Other	52	UK	Premium	274	56	0.09	Desktop	0	1	0
544	Female	44	AU	Family	169	69	0.06	Web	0	1	0
545	Male	30	DE	Family	88	58	0.33	Web	0	1	0
546	Female	57	FR	Family	286	87	0.53	Desktop	0	1	0
547	Male	29	AU	Premium	23	98	0.36	Web	0	1	0
548	Male	49	DE	Premium	296	69	0.35	Web	0	1	0
549	Male	25	US	Student	264	51	0.09	Mobile	0	1	0
550	Other	32	IN	Family	167	56	0.19	Web	0	1	0
551	Male	39	PK	Free	87	62	0.12	Web	46	0	0
552	Male	22	FR	Student	92	70	0.51	Web	0	1	0
553	Other	23	PK	Student	101	96	0.41	Mobile	0	1	1
554	Female	53	FR	Student	139	1	0.54	Mobile	0	1	0
555	Male	46	DE	Family	159	93	0.47	Desktop	0	1	1
556	Male	41	DE	Premium	229	15	0.56	Mobile	0	1	0
557	Female	30	US	Premium	281	63	0.02	Desktop	0	1	0
558	Other	40	IN	Free	286	44	0.58	Mobile	46	0	0
559	Other	46	IN	Free	261	12	0.6	Web	47	0	0
560	Female	25	PK	Premium	295	56	0.17	Web	0	1	0
561	Female	41	AU	Student	256	51	0.57	Desktop	0	1	0
562	Other	27	DE	Student	173	27	0.52	Desktop	0	1	0
563	Other	45	PK	Free	124	49	0.05	Web	22	0	1
564	Female	52	UK	Premium	230	12	0.11	Mobile	0	1	0
565	Female	48	IN	Premium	292	21	0.26	Mobile	0	1	0
566	Other	38	US	Free	205	25	0.02	Desktop	33	0	0
567	Other	44	IN	Student	48	61	0.26	Mobile	0	1	0
568	Male	45	AU	Family	271	6	0.09	Desktop	0	1	0
569	Other	25	UK	Premium	166	5	0.4	Web	0	1	0
570	Female	50	FR	Free	285	46	0.4	Web	46	0	0
571	Male	58	DE	Premium	175	33	0.37	Web	0	1	1
572	Other	35	US	Free	205	71	0.28	Mobile	16	0	0
573	Male	18	FR	Free	101	95	0.17	Web	22	0	0
574	Female	21	IN	Free	134	80	0.23	Mobile	41	0	0
575	Other	32	IN	Premium	12	38	0.24	Mobile	0	1	0
576	Male	33	DE	Family	147	82	0.5	Web	0	1	0
577	Male	41	AU	Premium	174	8	0.17	Web	0	1	1
578	Female	33	FR	Premium	86	57	0.26	Mobile	0	1	0
579	Male	35	AU	Student	99	19	0.01	Mobile	0	1	1
580	Male	18	PK	Free	78	92	0.26	Web	32	0	0
581	Female	58	FR	Premium	274	60	0.45	Web	0	1	0
582	Female	46	DE	Premium	28	53	0.02	Desktop	0	1	0
583	Female	21	AU	Premium	211	86	0.09	Desktop	0	1	0
584	Female	33	CA	Student	121	41	0.08	Desktop	0	1	0
585	Other	39	UK	Student	32	34	0.48	Web	0	1	0
586	Female	27	PK	Student	246	65	0.6	Web	0	1	1
587	Other	26	PK	Student	15	15	0.46	Mobile	0	1	0
588	Female	23	US	Family	55	10	0.19	Mobile	0	1	0
589	Female	58	AU	Premium	40	72	0.42	Web	0	1	0
590	Female	51	IN	Free	143	35	0.08	Mobile	23	0	0
591	Other	22	AU	Premium	263	74	0.18	Mobile	0	1	0
592	Male	58	UK	Premium	178	98	0.43	Desktop	0	1	0
593	Male	37	AU	Premium	30	38	0.16	Mobile	0	1	0
594	Male	34	IN	Premium	278	29	0.42	Web	0	1	0
595	Other	23	US	Premium	230	75	0.29	Mobile	0	1	1
596	Female	32	FR	Student	215	39	0.4	Desktop	0	1	0
597	Male	41	UK	Free	196	51	0.35	Web	14	0	0
598	Female	28	UK	Free	125	94	0.33	Mobile	28	0	0
599	Male	19	DE	Premium	222	80	0.46	Mobile	0	1	0
600	Other	35	FR	Premium	233	41	0.14	Mobile	0	1	0
601	Male	25	IN	Family	177	24	0.01	Web	0	1	0
602	Other	44	AU	Student	99	9	0.53	Web	0	1	0
603	Female	58	DE	Student	34	58	0.16	Mobile	0	1	0
604	Male	37	UK	Free	138	87	0.29	Mobile	31	0	1
605	Female	21	CA	Student	254	22	0.22	Desktop	0	1	1
606	Female	28	UK	Family	233	63	0.03	Desktop	0	1	1
607	Female	19	DE	Student	219	39	0.28	Web	0	1	0
608	Other	21	IN	Family	91	20	0.56	Web	0	1	0
609	Female	41	DE	Premium	31	21	0.09	Web	0	1	0
610	Female	31	UK	Free	205	64	0.24	Desktop	42	0	0
611	Female	40	FR	Premium	21	91	0.14	Desktop	0	1	0
612	Male	57	CA	Free	11	52	0.49	Mobile	37	0	1
613	Female	22	FR	Premium	222	93	0.33	Mobile	0	1	0
614	Female	54	IN	Family	123	27	0.26	Mobile	0	1	0
615	Female	42	UK	Student	287	96	0.08	Mobile	0	1	1
616	Female	37	CA	Family	197	19	0.22	Mobile	0	1	0
617	Other	51	UK	Premium	267	12	0.48	Web	0	1	1
618	Other	26	UK	Student	12	62	0.44	Mobile	0	1	0
619	Male	44	AU	Premium	243	17	0.42	Web	0	1	0
620	Other	53	FR	Premium	140	28	0.4	Mobile	0	1	0
621	Other	54	DE	Premium	111	87	0.36	Mobile	0	1	0
622	Female	27	DE	Premium	238	54	0.3	Desktop	0	1	1
623	Female	29	IN	Premium	225	40	0.53	Web	0	1	0
624	Other	24	AU	Premium	214	4	0.25	Web	0	1	0
625	Other	58	US	Free	112	1	0.17	Mobile	12	0	0
626	Male	16	DE	Free	85	98	0.51	Mobile	21	0	0
627	Female	37	AU	Family	192	7	0.39	Desktop	0	1	0
628	Other	16	US	Student	216	27	0.31	Mobile	0	1	0
629	Other	24	US	Student	283	88	0.3	Mobile	0	1	0
630	Female	32	UK	Free	113	88	0.01	Desktop	45	0	0
631	Male	29	US	Family	60	15	0.17	Desktop	0	1	0
632	Female	31	AU	Student	115	84	0.1	Web	0	1	1
633	Female	59	AU	Premium	180	84	0.35	Desktop	0	1	1
634	Other	56	IN	Free	290	84	0.05	Desktop	30	0	0
635	Other	20	AU	Free	106	10	0.19	Mobile	10	0	0
636	Other	27	IN	Premium	296	79	0.27	Desktop	0	1	0
637	Other	41	US	Family	68	8	0.34	Mobile	0	1	0
638	Other	16	IN	Student	177	34	0.15	Desktop	0	1	0
639	Male	34	AU	Student	198	17	0.54	Desktop	0	1	0
640	Female	23	PK	Student	78	68	0.37	Web	0	1	1
641	Female	25	US	Student	290	76	0.4	Web	0	1	0
642	Male	58	AU	Family	36	57	0.02	Web	0	1	0
643	Other	51	DE	Student	108	14	0.5	Desktop	0	1	0
644	Female	48	IN	Premium	98	88	0.18	Desktop	0	1	0
645	Male	22	AU	Free	287	17	0.42	Mobile	40	0	0
646	Other	33	DE	Student	172	51	0.51	Web	0	1	0
647	Male	54	UK	Free	89	95	0.36	Desktop	38	0	0
648	Male	50	PK	Free	200	14	0.28	Desktop	46	0	0
649	Other	28	DE	Student	289	11	0.55	Mobile	0	1	1
650	Female	48	FR	Family	23	76	0.58	Desktop	0	1	1
651	Other	21	IN	Student	170	51	0.53	Mobile	0	1	1
652	Other	19	CA	Premium	227	48	0.56	Desktop	0	1	0
653	Other	26	US	Family	290	66	0.36	Mobile	0	1	0
654	Female	55	CA	Premium	200	50	0.04	Web	0	1	0
655	Female	59	IN	Student	34	63	0.39	Desktop	0	1	1
656	Female	24	IN	Family	105	3	0.01	Mobile	0	1	0
657	Female	58	AU	Premium	216	31	0.33	Desktop	0	1	1
658	Male	23	FR	Family	105	55	0.55	Desktop	0	1	0
659	Male	53	FR	Family	244	64	0.24	Mobile	0	1	0
660	Other	29	FR	Family	30	41	0.39	Mobile	0	1	0
661	Female	23	DE	Student	126	34	0.57	Web	0	1	1
662	Female	29	AU	Student	106	55	0.35	Desktop	0	1	0
663	Other	49	UK	Free	295	17	0.4	Web	31	0	0
664	Female	23	DE	Premium	230	52	0.43	Mobile	0	1	0
665	Female	29	DE	Family	102	74	0.32	Mobile	0	1	0
666	Other	43	IN	Family	152	55	0.3	Desktop	0	1	0
667	Male	31	CA	Student	77	80	0.35	Mobile	0	1	0
668	Other	43	US	Premium	78	48	0.21	Mobile	0	1	0
669	Female	39	UK	Free	220	18	0.05	Mobile	18	0	0
670	Female	38	UK	Free	245	12	0.52	Desktop	48	0	1
671	Male	31	CA	Free	30	42	0.06	Mobile	44	0	0
672	Female	35	UK	Student	226	55	0.25	Desktop	0	1	1
673	Female	44	PK	Free	133	18	0.4	Mobile	11	0	0
674	Female	33	AU	Family	118	36	0.58	Desktop	0	1	0
675	Female	27	CA	Premium	115	61	0.31	Desktop	0	1	0
676	Other	38	CA	Premium	155	80	0.07	Mobile	0	1	0
677	Male	30	IN	Premium	125	65	0.37	Web	0	1	0
678	Other	55	DE	Family	190	5	0.58	Desktop	0	1	0
679	Female	20	UK	Premium	164	33	0.34	Desktop	0	1	1
680	Male	33	CA	Family	126	49	0.45	Desktop	0	1	0
681	Female	47	DE	Free	272	8	0.32	Mobile	44	0	0
682	Female	47	PK	Family	263	79	0.58	Web	0	1	1
683	Other	38	DE	Student	127	4	0	Web	0	1	0
684	Female	55	AU	Free	281	21	0.12	Mobile	42	0	0
685	Female	40	PK	Free	210	64	0.56	Web	13	0	0
686	Female	49	CA	Premium	206	27	0.41	Web	0	1	0
687	Female	52	CA	Family	285	82	0.57	Mobile	0	1	0
688	Other	35	PK	Premium	29	18	0.42	Web	0	1	1
689	Other	53	IN	Student	67	87	0.28	Desktop	0	1	0
690	Male	52	UK	Free	252	44	0.34	Mobile	24	0	0
691	Other	22	UK	Student	291	97	0.24	Mobile	0	1	0
692	Other	58	DE	Student	136	57	0.47	Mobile	0	1	0
693	Male	33	IN	Premium	154	52	0.32	Web	0	1	0
694	Female	20	UK	Family	279	67	0.4	Desktop	0	1	0
695	Male	21	CA	Premium	199	85	0.19	Desktop	0	1	0
696	Male	56	UK	Free	30	66	0.35	Mobile	31	0	0
697	Female	54	PK	Family	158	2	0.34	Desktop	0	1	0
698	Male	51	UK	Student	83	10	0.33	Mobile	0	1	0
699	Male	24	IN	Premium	161	23	0.45	Web	0	1	1
700	Female	21	PK	Premium	183	20	0.21	Mobile	0	1	0
701	Male	58	PK	Student	131	47	0.06	Mobile	0	1	0
702	Female	26	US	Premium	126	52	0.22	Web	0	1	1
703	Male	32	FR	Family	282	22	0.19	Mobile	0	1	1
704	Male	44	DE	Premium	240	46	0.11	Mobile	0	1	1
705	Male	22	AU	Student	169	52	0.1	Mobile	0	1	1
706	Female	29	US	Student	238	61	0.09	Web	0	1	0
707	Male	37	UK	Family	276	17	0.4	Mobile	0	1	0
708	Female	18	PK	Student	101	8	0.43	Web	0	1	0
709	Female	27	AU	Family	176	20	0.05	Web	0	1	1
710	Male	43	DE	Premium	161	84	0.08	Mobile	0	1	0
711	Male	58	FR	Student	153	24	0.29	Desktop	0	1	0
712	Other	20	IN	Family	199	52	0.22	Web	0	1	0
713	Female	37	FR	Free	252	58	0.41	Web	28	0	0
714	Male	39	US	Free	79	5	0.37	Mobile	7	0	0
715	Male	36	PK	Premium	15	11	0.49	Desktop	0	1	0
716	Female	51	US	Student	73	81	0.1	Mobile	0	1	0
717	Male	28	FR	Family	20	16	0.1	Mobile	0	1	0
718	Other	39	UK	Student	141	49	0.54	Web	0	1	0
719	Other	51	PK	Free	250	72	0.12	Web	40	0	1
720	Female	46	AU	Premium	191	45	0.01	Mobile	0	1	0
721	Female	18	PK	Free	157	48	0.44	Mobile	18	0	1
722	Female	46	FR	Student	53	28	0.08	Web	0	1	0
723	Female	42	FR	Student	64	70	0.05	Web	0	1	1
724	Other	46	UK	Family	160	17	0.5	Desktop	0	1	0
725	Other	35	IN	Student	227	39	0.44	Web	0	1	0
726	Female	57	PK	Premium	183	58	0	Desktop	0	1	0
727	Other	38	IN	Free	186	46	0.07	Mobile	30	0	0
728	Other	31	DE	Premium	176	37	0.29	Web	0	1	1
729	Other	20	IN	Premium	274	54	0.6	Desktop	0	1	0
730	Other	26	IN	Student	183	65	0.52	Desktop	0	1	0
731	Female	58	DE	Family	293	47	0.06	Desktop	0	1	0
732	Other	51	UK	Family	70	51	0.45	Mobile	0	1	0
733	Male	23	CA	Premium	64	85	0.16	Web	0	1	0
734	Male	38	DE	Student	291	75	0.33	Desktop	0	1	0
735	Female	31	US	Premium	218	60	0.06	Desktop	0	1	0
736	Other	24	IN	Student	211	76	0.52	Mobile	0	1	0
737	Male	42	DE	Family	126	90	0.03	Web	0	1	0
738	Other	27	PK	Premium	231	59	0.12	Web	0	1	0
739	Other	57	IN	Family	290	16	0.17	Mobile	0	1	0
740	Male	36	CA	Free	77	85	0	Web	46	0	0
741	Male	16	PK	Premium	154	29	0.34	Mobile	0	1	0
742	Female	24	FR	Student	105	48	0.38	Mobile	0	1	1
743	Male	53	DE	Student	113	65	0.38	Mobile	0	1	0
744	Other	36	AU	Premium	174	11	0.29	Mobile	0	1	0
745	Other	51	DE	Premium	32	59	0.02	Mobile	0	1	0
746	Other	42	CA	Premium	271	99	0.34	Web	0	1	0
747	Other	29	FR	Premium	97	26	0.44	Desktop	0	1	0
748	Male	59	CA	Student	266	90	0.06	Desktop	0	1	0
749	Other	22	AU	Free	276	11	0.13	Desktop	9	0	0
750	Female	52	UK	Family	81	16	0.37	Desktop	0	1	0
751	Male	27	CA	Family	116	39	0.44	Desktop	0	1	1
752	Male	46	AU	Family	251	63	0.34	Web	0	1	0
753	Male	52	US	Student	270	67	0.22	Web	0	1	0
754	Other	39	DE	Premium	246	37	0.17	Mobile	0	1	1
755	Male	33	CA	Free	100	8	0.02	Mobile	45	0	0
756	Other	17	UK	Free	206	27	0.42	Desktop	49	0	0
757	Female	35	AU	Family	81	90	0.19	Desktop	0	1	0
758	Male	41	FR	Family	26	42	0.19	Mobile	0	1	0
759	Female	42	DE	Student	208	67	0.06	Desktop	0	1	0
760	Female	49	AU	Student	295	93	0.13	Mobile	0	1	1
761	Male	57	AU	Family	13	89	0.16	Desktop	0	1	0
762	Male	26	IN	Premium	120	68	0.34	Desktop	0	1	0
763	Other	17	DE	Free	125	77	0.26	Desktop	18	0	0
764	Female	49	US	Premium	104	74	0.57	Mobile	0	1	1
765	Other	52	DE	Premium	225	94	0.01	Desktop	0	1	1
766	Other	49	AU	Family	261	15	0.17	Mobile	0	1	0
767	Other	57	UK	Premium	79	2	0.22	Desktop	0	1	0
768	Female	24	FR	Premium	240	39	0.23	Web	0	1	0
769	Other	24	DE	Family	28	62	0.04	Web	0	1	0
770	Female	48	AU	Premium	91	37	0.34	Desktop	0	1	0
771	Other	40	IN	Premium	212	66	0.27	Mobile	0	1	1
772	Other	59	IN	Premium	172	69	0.41	Desktop	0	1	0
773	Female	39	IN	Family	55	37	0.5	Desktop	0	1	0
774	Female	54	FR	Student	130	46	0.26	Desktop	0	1	0
775	Male	40	IN	Family	97	57	0.43	Mobile	0	1	0
776	Female	51	DE	Family	71	15	0.58	Mobile	0	1	1
777	Other	31	US	Family	18	3	0.36	Web	0	1	0
778	Male	24	IN	Family	212	7	0.58	Mobile	0	1	0
779	Female	18	UK	Family	14	49	0.5	Desktop	0	1	0
780	Female	18	DE	Free	213	1	0.35	Desktop	5	0	1
781	Female	44	UK	Student	207	62	0.23	Desktop	0	1	0
782	Male	32	US	Premium	71	53	0.54	Web	0	1	0
783	Male	32	AU	Premium	36	2	0.52	Web	0	1	0
784	Other	52	US	Premium	120	84	0.5	Web	0	1	0
785	Female	31	FR	Premium	272	71	0.15	Mobile	0	1	1
786	Male	33	CA	Premium	212	43	0.05	Web	0	1	0
787	Male	46	FR	Free	193	94	0.18	Mobile	17	0	0
788	Female	16	CA	Premium	150	74	0.01	Desktop	0	1	1
789	Female	23	AU	Student	213	20	0.5	Web	0	1	0
790	Male	26	FR	Student	293	15	0.39	Web	0	1	1
791	Female	52	AU	Family	80	13	0.56	Web	0	1	0
792	Female	27	US	Student	222	73	0.17	Mobile	0	1	1
793	Other	32	DE	Family	100	16	0.3	Desktop	0	1	1
794	Male	20	PK	Family	185	79	0.37	Web	0	1	0
795	Other	47	DE	Student	94	57	0.18	Mobile	0	1	0
796	Female	31	IN	Family	47	19	0.05	Desktop	0	1	0
797	Female	30	AU	Premium	173	95	0.44	Web	0	1	0
798	Female	27	FR	Premium	185	6	0.18	Desktop	0	1	0
799	Other	30	AU	Student	175	17	0.33	Web	0	1	0
800	Female	17	IN	Student	134	6	0.51	Desktop	0	1	0
801	Male	56	IN	Premium	253	15	0.54	Desktop	0	1	1
802	Other	57	FR	Premium	161	56	0.6	Desktop	0	1	0
803	Other	57	AU	Family	47	59	0.09	Web	0	1	1
804	Male	41	DE	Premium	286	72	0.14	Web	0	1	0
805	Female	36	DE	Student	194	12	0.02	Desktop	0	1	0
806	Other	22	AU	Student	87	39	0.5	Web	0	1	0
807	Female	40	US	Family	92	65	0.04	Mobile	0	1	0
808	Male	36	UK	Premium	242	7	0.04	Web	0	1	0
809	Other	19	AU	Free	26	2	0.58	Web	35	0	1
810	Other	44	PK	Family	255	36	0.09	Desktop	0	1	0
811	Male	57	UK	Family	204	21	0.3	Mobile	0	1	0
812	Other	17	UK	Premium	62	25	0.25	Mobile	0	1	1
813	Male	26	IN	Student	19	68	0.1	Desktop	0	1	0
814	Other	19	FR	Free	197	33	0.17	Web	41	0	0
815	Other	24	UK	Family	49	21	0.22	Desktop	0	1	0
816	Female	22	UK	Free	87	60	0.34	Desktop	41	0	0
817	Other	57	FR	Family	39	24	0.16	Web	0	1	1
818	Male	51	DE	Premium	24	73	0.07	Desktop	0	1	0
819	Other	44	AU	Premium	162	52	0.25	Web	0	1	1
820	Other	43	IN	Family	61	20	0.05	Mobile	0	1	0
821	Female	32	UK	Student	138	67	0.3	Web	0	1	1
822	Female	20	FR	Free	181	81	0.12	Mobile	43	0	0
823	Female	56	US	Student	37	33	0.11	Mobile	0	1	0
824	Male	32	CA	Premium	146	57	0.36	Desktop	0	1	1
825	Female	31	PK	Family	82	95	0.46	Desktop	0	1	0
826	Male	26	US	Family	82	93	0.05	Mobile	0	1	0
827	Other	54	UK	Family	194	66	0.43	Mobile	0	1	1
828	Male	17	FR	Student	61	15	0.56	Web	0	1	0
829	Male	47	FR	Premium	191	10	0.21	Desktop	0	1	1
830	Other	22	DE	Family	107	13	0.55	Web	0	1	0
831	Female	31	CA	Student	293	55	0.52	Desktop	0	1	0
832	Other	31	PK	Premium	64	83	0.18	Desktop	0	1	1
833	Other	32	AU	Family	262	20	0.37	Desktop	0	1	0
834	Male	26	PK	Family	172	8	0.4	Mobile	0	1	0
835	Male	26	CA	Family	206	5	0.1	Desktop	0	1	0
836	Male	17	US	Free	250	80	0.27	Web	12	0	0
837	Female	25	PK	Free	118	77	0.57	Web	43	0	0
838	Male	31	UK	Student	173	28	0.42	Desktop	0	1	0
839	Other	55	CA	Premium	85	53	0.06	Mobile	0	1	0
840	Other	36	US	Premium	130	78	0.47	Mobile	0	1	1
841	Female	39	CA	Free	162	4	0.49	Web	5	0	0
842	Male	35	UK	Student	192	90	0.56	Web	0	1	1
843	Male	22	US	Premium	80	58	0.18	Desktop	0	1	0
844	Other	45	IN	Family	13	44	0.12	Mobile	0	1	0
845	Other	30	IN	Premium	45	61	0.34	Web	0	1	1
846	Female	51	AU	Family	71	95	0.18	Mobile	0	1	0
847	Other	44	IN	Family	84	83	0.04	Web	0	1	0
848	Male	39	IN	Student	226	92	0.04	Mobile	0	1	0
849	Other	46	UK	Premium	74	66	0.02	Desktop	0	1	0
850	Other	20	UK	Family	22	58	0.03	Mobile	0	1	1
851	Other	32	UK	Student	106	8	0.52	Mobile	0	1	0
852	Other	18	UK	Family	174	49	0.57	Mobile	0	1	0
853	Male	24	PK	Family	297	18	0.22	Web	0	1	0
854	Male	54	IN	Free	48	26	0.56	Mobile	5	0	0
855	Female	40	CA	Free	89	5	0.39	Web	30	0	0
856	Female	59	US	Premium	204	47	0.11	Desktop	0	1	0
857	Male	41	US	Premium	286	61	0.02	Desktop	0	1	1
858	Other	38	US	Premium	163	54	0.42	Desktop	0	1	0
859	Male	41	PK	Premium	95	13	0.23	Mobile	0	1	1
860	Male	30	UK	Premium	14	88	0.03	Desktop	0	1	0
861	Male	46	AU	Student	252	60	0.31	Web	0	1	0
862	Female	44	PK	Student	196	6	0.29	Desktop	0	1	0
863	Male	59	DE	Student	250	12	0.56	Web	0	1	0
864	Female	53	DE	Family	299	67	0.38	Web	0	1	0
865	Male	26	AU	Student	18	12	0.38	Mobile	0	1	0
866	Male	44	UK	Free	58	61	0.26	Desktop	14	0	0
867	Male	35	FR	Family	73	7	0.12	Desktop	0	1	1
868	Male	33	DE	Free	239	17	0.25	Web	28	0	1
869	Female	53	CA	Student	107	38	0.36	Mobile	0	1	0
870	Female	27	CA	Free	230	13	0.24	Mobile	46	0	1
871	Male	24	FR	Free	119	67	0.08	Mobile	11	0	0
872	Male	29	US	Student	296	56	0.12	Mobile	0	1	1
873	Other	49	US	Free	132	31	0.22	Desktop	6	0	0
874	Male	52	CA	Free	251	30	0.29	Desktop	37	0	0
875	Male	38	DE	Premium	276	32	0.35	Mobile	0	1	0
876	Female	37	IN	Premium	180	40	0.28	Web	0	1	0
877	Female	25	AU	Premium	63	37	0.15	Desktop	0	1	1
878	Female	45	PK	Free	221	6	0.48	Mobile	21	0	1
879	Other	27	PK	Student	235	78	0.6	Web	0	1	1
880	Female	50	FR	Premium	207	5	0.3	Desktop	0	1	0
881	Other	58	UK	Student	171	78	0.19	Mobile	0	1	0
882	Male	32	FR	Family	108	52	0.11	Mobile	0	1	1
883	Female	44	FR	Student	119	51	0.1	Web	0	1	0
884	Male	41	UK	Premium	187	13	0.42	Mobile	0	1	0
885	Male	22	IN	Family	140	52	0.36	Desktop	0	1	0
886	Male	59	AU	Free	51	99	0.55	Web	8	0	1
887	Male	38	UK	Premium	224	78	0.23	Desktop	0	1	1
888	Other	38	CA	Premium	111	49	0.12	Desktop	0	1	0
889	Other	59	AU	Premium	253	19	0.18	Desktop	0	1	0
890	Female	48	FR	Free	246	27	0.41	Web	24	0	0
891	Other	28	FR	Free	26	59	0.25	Desktop	5	0	0
892	Female	48	IN	Free	134	79	0.16	Mobile	31	0	0
893	Male	37	DE	Student	113	50	0.51	Web	0	1	0
894	Female	33	UK	Free	288	13	0.59	Desktop	39	0	1
895	Female	40	CA	Family	266	71	0.31	Web	0	1	0
896	Other	42	AU	Premium	214	25	0.3	Desktop	0	1	0
897	Male	20	IN	Student	247	87	0.14	Web	0	1	0
898	Other	49	PK	Student	236	9	0.6	Web	0	1	1
899	Female	46	FR	Family	217	42	0.13	Mobile	0	1	0
900	Other	28	AU	Student	33	67	0.12	Desktop	0	1	1
901	Female	59	UK	Premium	118	50	0.26	Desktop	0	1	0
902	Female	46	US	Premium	50	82	0.14	Web	0	1	0
903	Female	57	FR	Free	206	97	0.39	Desktop	38	0	1
904	Female	35	AU	Family	149	17	0.12	Mobile	0	1	0
905	Female	43	IN	Student	273	12	0.31	Mobile	0	1	1
906	Male	16	CA	Free	183	71	0.1	Mobile	22	0	0
907	Male	57	IN	Free	212	90	0.22	Mobile	14	0	0
908	Female	55	CA	Premium	63	75	0.46	Mobile	0	1	1
909	Female	50	US	Free	210	48	0.25	Desktop	21	0	0
910	Male	29	PK	Free	128	5	0.25	Web	7	0	0
911	Other	16	PK	Premium	114	27	0.44	Desktop	0	1	0
912	Other	56	PK	Family	138	47	0.56	Desktop	0	1	1
913	Female	59	DE	Student	233	57	0.59	Web	0	1	0
914	Male	45	PK	Free	254	75	0.56	Web	31	0	0
915	Female	53	UK	Student	270	29	0.13	Web	0	1	0
916	Female	34	AU	Premium	267	26	0.21	Mobile	0	1	1
917	Other	20	AU	Family	160	16	0.5	Mobile	0	1	1
918	Male	32	DE	Premium	271	34	0.28	Web	0	1	1
919	Other	20	AU	Free	170	8	0.29	Desktop	46	0	0
920	Female	47	AU	Free	208	49	0.3	Mobile	45	0	0
921	Other	22	CA	Premium	224	99	0.3	Web	0	1	1
922	Male	27	DE	Student	275	34	0.13	Mobile	0	1	0
923	Male	48	US	Free	243	48	0.6	Desktop	33	0	1
924	Male	34	UK	Family	221	45	0.49	Desktop	0	1	0
925	Other	47	DE	Free	271	94	0.52	Desktop	31	0	1
926	Female	24	CA	Premium	275	23	0.25	Web	0	1	0
927	Male	53	CA	Premium	269	43	0.19	Web	0	1	0
928	Male	36	FR	Student	236	70	0.02	Web	0	1	1
929	Female	45	FR	Premium	246	52	0.35	Desktop	0	1	0
930	Female	30	IN	Family	222	13	0.31	Web	0	1	0
931	Female	53	AU	Family	112	24	0.48	Web	0	1	1
932	Other	33	US	Premium	18	73	0.22	Mobile	0	1	0
933	Female	52	US	Premium	109	11	0.2	Web	0	1	0
934	Female	29	US	Student	246	2	0.23	Web	0	1	0
935	Male	51	UK	Premium	102	50	0.48	Desktop	0	1	0
936	Female	42	DE	Student	180	63	0.57	Web	0	1	0
937	Female	30	PK	Family	16	51	0.41	Desktop	0	1	0
938	Other	25	US	Family	155	98	0.48	Mobile	0	1	1
939	Other	48	UK	Free	287	79	0.13	Desktop	24	0	1
940	Other	28	US	Free	67	67	0.13	Web	44	0	0
941	Male	46	DE	Student	241	7	0.14	Web	0	1	0
942	Female	48	US	Premium	105	13	0.29	Desktop	0	1	0
943	Other	35	DE	Family	65	83	0.08	Web	0	1	0
944	Other	55	UK	Premium	102	60	0.59	Web	0	1	1
945	Male	50	US	Student	198	81	0.49	Desktop	0	1	0
946	Female	16	CA	Student	156	16	0.14	Mobile	0	1	0
947	Male	28	FR	Premium	266	51	0.32	Mobile	0	1	1
948	Male	31	AU	Student	33	21	0.16	Web	0	1	1
949	Male	36	DE	Premium	42	79	0.51	Mobile	0	1	0
950	Female	19	PK	Family	34	18	0.06	Mobile	0	1	0
951	Male	50	US	Student	234	90	0.13	Mobile	0	1	1
952	Male	33	CA	Family	44	40	0.01	Desktop	0	1	0
953	Other	35	DE	Family	273	50	0.36	Desktop	0	1	0
954	Other	21	PK	Family	28	82	0.06	Desktop	0	1	0
955	Other	17	FR	Student	46	17	0.17	Mobile	0	1	0
956	Male	19	PK	Family	291	5	0.1	Mobile	0	1	1
957	Other	33	AU	Family	174	74	0.16	Web	0	1	1
958	Male	36	AU	Family	255	92	0.44	Desktop	0	1	0
959	Other	50	AU	Premium	157	32	0.42	Desktop	0	1	0
960	Male	54	DE	Family	281	16	0.36	Web	0	1	0
961	Male	36	FR	Free	102	71	0.34	Web	20	0	0
962	Female	49	FR	Premium	184	33	0.35	Desktop	0	1	0
963	Female	35	CA	Premium	173	48	0.57	Web	0	1	0
964	Female	53	CA	Free	266	33	0.23	Desktop	32	0	1
965	Male	55	DE	Free	236	34	0.38	Mobile	47	0	0
966	Female	36	UK	Student	35	82	0.2	Web	0	1	0
967	Female	47	PK	Family	192	18	0.54	Web	0	1	1
968	Female	22	AU	Family	99	63	0.56	Desktop	0	1	0
969	Other	55	AU	Premium	100	31	0.07	Mobile	0	1	0
970	Male	47	DE	Premium	164	42	0.38	Mobile	0	1	0
971	Male	18	FR	Free	30	29	0.03	Mobile	46	0	0
972	Other	42	AU	Free	121	14	0.41	Desktop	37	0	0
973	Male	42	FR	Family	166	80	0.29	Web	0	1	1
974	Male	51	FR	Free	272	20	0.17	Desktop	11	0	0
975	Male	24	PK	Student	160	56	0.11	Desktop	0	1	0
976	Male	28	PK	Premium	96	53	0.44	Web	0	1	0
977	Other	17	US	Free	125	30	0.25	Desktop	25	0	0
978	Other	41	US	Premium	219	54	0.21	Web	0	1	1
979	Female	48	DE	Premium	115	19	0.25	Web	0	1	1
980	Male	50	IN	Family	128	60	0.1	Mobile	0	1	0
981	Other	42	FR	Premium	257	34	0	Mobile	0	1	0
982	Female	35	PK	Student	48	5	0.44	Web	0	1	0
983	Male	19	UK	Family	274	96	0.57	Mobile	0	1	0
984	Male	31	US	Premium	75	4	0.04	Web	0	1	0
985	Male	37	PK	Free	287	94	0.5	Mobile	28	0	0
986	Male	43	US	Free	58	3	0.22	Desktop	20	0	1
987	Female	37	US	Free	195	27	0.11	Desktop	31	0	0
988	Female	35	CA	Premium	119	98	0.51	Desktop	0	1	0
989	Male	41	AU	Free	248	79	0.37	Mobile	16	0	0
990	Female	47	FR	Free	212	50	0.44	Desktop	39	0	1
991	Male	51	UK	Premium	296	10	0.21	Desktop	0	1	0
992	Female	43	UK	Free	197	77	0.43	Mobile	27	0	1
993	Male	56	US	Premium	245	60	0.35	Desktop	0	1	0
994	Male	46	US	Premium	159	52	0.09	Web	0	1	0
995	Male	56	CA	Free	252	98	0.48	Web	19	0	0
996	Other	39	DE	Free	142	46	0.45	Web	40	0	0
997	Other	50	US	Family	43	11	0.36	Mobile	0	1	1
998	Other	45	IN	Premium	56	14	0.44	Desktop	0	1	1
999	Male	56	IN	Student	56	54	0.54	Web	0	1	1
1000	Male	18	US	Student	174	41	0.46	Desktop	0	1	0
1001	Female	31	IN	Premium	292	54	0.26	Mobile	0	1	0
1002	Other	46	IN	Student	216	74	0.25	Mobile	0	1	0
1003	Male	18	PK	Student	272	21	0.57	Web	0	1	0
1004	Female	25	CA	Free	31	15	0.01	Mobile	38	0	0
1005	Female	22	IN	Student	16	24	0.36	Mobile	0	1	1
1006	Other	19	UK	Family	68	90	0	Mobile	0	1	0
1007	Female	18	UK	Student	255	68	0.19	Web	0	1	0
1008	Other	49	UK	Premium	137	43	0.31	Desktop	0	1	0
1009	Female	59	PK	Family	86	17	0.12	Mobile	0	1	1
1010	Other	59	FR	Student	275	25	0.6	Web	0	1	1
1011	Female	38	FR	Free	125	63	0.59	Web	12	0	0
1012	Other	43	AU	Family	26	68	0.34	Mobile	0	1	0
1013	Female	31	CA	Family	237	38	0.07	Desktop	0	1	1
1014	Other	28	DE	Family	258	20	0.51	Mobile	0	1	1
1015	Male	20	PK	Student	290	42	0.18	Mobile	0	1	0
1016	Other	22	US	Free	29	35	0.46	Web	9	0	0
1017	Female	22	US	Free	224	4	0.04	Web	13	0	0
1018	Other	51	DE	Family	199	35	0.51	Mobile	0	1	0
1019	Female	35	AU	Premium	34	42	0.15	Web	0	1	0
1020	Other	34	FR	Student	73	58	0.49	Mobile	0	1	1
1021	Other	33	PK	Free	140	40	0.27	Web	32	0	0
1022	Male	42	FR	Student	263	60	0.02	Web	0	1	1
1023	Female	16	AU	Premium	193	53	0.12	Mobile	0	1	0
1024	Male	51	IN	Premium	289	82	0.35	Mobile	0	1	0
1025	Male	56	DE	Free	211	86	0.48	Web	7	0	0
1026	Other	57	FR	Family	110	58	0.12	Desktop	0	1	0
1027	Other	21	FR	Family	52	32	0.21	Mobile	0	1	1
1028	Other	20	US	Premium	81	23	0.1	Mobile	0	1	0
1029	Female	53	CA	Premium	237	18	0.18	Web	0	1	0
1030	Other	40	US	Family	88	88	0.06	Desktop	0	1	0
1031	Male	30	UK	Free	10	57	0.05	Web	5	0	0
1032	Other	43	FR	Family	255	3	0.13	Desktop	0	1	0
1033	Other	53	CA	Family	276	4	0.49	Web	0	1	0
1034	Other	53	DE	Free	291	45	0.35	Web	10	0	0
1035	Other	52	AU	Premium	272	53	0.45	Web	0	1	0
1036	Male	34	UK	Free	254	74	0.6	Mobile	34	0	0
1037	Male	32	IN	Free	78	95	0.43	Desktop	26	0	0
1038	Other	22	CA	Student	78	9	0.21	Desktop	0	1	0
1039	Male	29	US	Student	228	27	0.42	Desktop	0	1	0
1040	Female	52	CA	Premium	38	92	0.28	Mobile	0	1	0
1041	Female	32	US	Family	131	41	0.36	Web	0	1	0
1042	Male	56	UK	Premium	273	21	0.31	Mobile	0	1	0
1043	Male	55	DE	Premium	161	4	0.03	Desktop	0	1	0
1044	Male	25	AU	Free	154	4	0.39	Mobile	14	0	1
1045	Male	36	UK	Premium	49	12	0.5	Desktop	0	1	0
1046	Female	46	US	Premium	32	84	0.24	Mobile	0	1	0
1047	Male	25	DE	Student	83	34	0.55	Desktop	0	1	0
1048	Male	58	FR	Free	59	26	0.37	Mobile	8	0	0
1049	Other	55	CA	Premium	67	83	0.16	Desktop	0	1	0
1050	Other	16	AU	Free	280	56	0.01	Mobile	35	0	0
1051	Male	20	DE	Student	85	41	0.34	Web	0	1	0
1052	Female	33	AU	Family	169	6	0.32	Mobile	0	1	0
1053	Female	55	US	Free	185	14	0.43	Mobile	30	0	0
1054	Male	40	CA	Free	37	71	0.51	Mobile	41	0	1
1055	Other	49	AU	Student	153	88	0.49	Web	0	1	1
1056	Female	32	DE	Family	221	96	0.37	Mobile	0	1	0
1057	Other	56	AU	Free	169	90	0.59	Desktop	33	0	0
1058	Male	54	US	Free	79	14	0.34	Desktop	40	0	0
1059	Male	21	UK	Student	44	41	0.31	Mobile	0	1	1
1060	Female	22	IN	Family	204	19	0.42	Web	0	1	0
1061	Male	24	AU	Family	181	75	0.58	Mobile	0	1	0
1062	Female	28	US	Student	57	12	0.14	Mobile	0	1	0
1063	Female	54	FR	Student	53	23	0.44	Mobile	0	1	0
1064	Female	28	US	Premium	201	54	0.41	Mobile	0	1	1
1065	Male	49	US	Premium	74	27	0.22	Mobile	0	1	0
1066	Male	26	IN	Free	95	50	0.26	Mobile	39	0	0
1067	Male	31	UK	Free	282	58	0.06	Desktop	15	0	1
1068	Female	46	CA	Family	54	79	0.23	Desktop	0	1	0
1069	Male	21	IN	Student	58	24	0.47	Web	0	1	0
1070	Other	32	IN	Family	219	25	0.06	Desktop	0	1	1
1071	Other	28	DE	Premium	178	14	0.35	Web	0	1	0
1072	Male	51	AU	Student	282	15	0.22	Mobile	0	1	0
1073	Other	45	DE	Student	243	9	0.02	Web	0	1	0
1074	Other	40	US	Family	175	20	0.41	Mobile	0	1	0
1075	Male	30	IN	Free	246	13	0.03	Web	13	0	1
1076	Other	43	UK	Premium	277	45	0.29	Web	0	1	0
1077	Female	32	PK	Family	69	8	0.57	Mobile	0	1	1
1078	Male	54	PK	Family	182	69	0.17	Mobile	0	1	0
1079	Female	23	UK	Student	176	57	0.11	Mobile	0	1	0
1080	Other	21	AU	Family	47	86	0.15	Mobile	0	1	0
1081	Male	41	IN	Family	256	20	0.46	Desktop	0	1	0
1082	Male	17	FR	Student	74	86	0.54	Desktop	0	1	0
1083	Male	46	PK	Student	111	19	0.06	Desktop	0	1	0
1084	Male	50	US	Free	50	39	0.31	Web	13	0	0
1085	Other	42	DE	Free	17	55	0.58	Mobile	49	0	1
1086	Female	46	UK	Student	85	75	0.15	Mobile	0	1	0
1087	Other	17	US	Family	177	79	0.38	Desktop	0	1	1
1088	Female	39	PK	Student	288	64	0	Web	0	1	1
1089	Male	51	PK	Premium	299	93	0.58	Web	0	1	0
1090	Other	25	DE	Family	242	19	0.4	Desktop	0	1	0
1091	Male	51	AU	Family	113	33	0.04	Desktop	0	1	1
1092	Male	25	PK	Student	24	60	0.57	Mobile	0	1	0
1093	Female	54	IN	Free	70	56	0.37	Desktop	14	0	0
1094	Other	37	UK	Student	194	62	0.04	Mobile	0	1	1
1095	Male	59	AU	Free	232	80	0.25	Web	45	0	0
1096	Female	47	FR	Family	52	7	0.45	Web	0	1	0
1097	Female	56	FR	Premium	186	2	0.36	Mobile	0	1	0
1098	Female	47	PK	Student	235	99	0.42	Mobile	0	1	0
1099	Female	32	IN	Free	175	12	0.54	Desktop	30	0	0
1100	Other	47	IN	Student	182	62	0.13	Desktop	0	1	1
1101	Other	46	IN	Premium	244	14	0.2	Web	0	1	0
1102	Male	47	FR	Family	240	47	0.16	Desktop	0	1	0
1103	Other	49	IN	Student	217	27	0.38	Desktop	0	1	0
1104	Other	32	FR	Family	106	5	0.28	Desktop	0	1	1
1105	Other	21	FR	Student	125	11	0.57	Desktop	0	1	1
1106	Female	41	FR	Free	298	30	0.42	Web	33	0	0
1107	Other	25	PK	Family	254	64	0.39	Web	0	1	0
1108	Other	25	IN	Premium	195	39	0.36	Desktop	0	1	0
1109	Female	45	US	Family	101	64	0.41	Web	0	1	0
1110	Female	30	DE	Family	32	42	0.52	Desktop	0	1	1
1111	Male	26	DE	Free	288	40	0.16	Web	44	0	1
1112	Male	42	PK	Free	262	41	0.17	Mobile	37	0	0
1113	Male	53	UK	Student	83	6	0.03	Mobile	0	1	0
1114	Other	35	UK	Student	255	34	0.02	Desktop	0	1	1
1115	Other	23	FR	Family	47	85	0.42	Web	0	1	0
1116	Other	55	IN	Free	180	93	0.6	Desktop	14	0	0
1117	Female	24	US	Student	232	71	0.23	Mobile	0	1	0
1118	Other	50	FR	Student	246	47	0.28	Web	0	1	1
1119	Male	44	IN	Student	11	74	0.47	Mobile	0	1	0
1120	Male	24	AU	Family	164	84	0.02	Desktop	0	1	1
1121	Male	26	IN	Free	284	14	0.5	Desktop	10	0	0
1122	Other	29	US	Premium	259	39	0.39	Mobile	0	1	1
1123	Male	20	DE	Student	226	82	0.53	Desktop	0	1	0
1124	Other	18	AU	Premium	111	42	0.54	Web	0	1	0
1125	Other	17	DE	Free	146	68	0.16	Web	12	0	1
1126	Male	21	AU	Free	129	5	0.02	Desktop	25	0	0
1127	Other	20	CA	Student	241	68	0.22	Mobile	0	1	0
1128	Female	27	IN	Free	144	75	0.2	Web	26	0	0
1129	Other	27	US	Free	284	57	0.14	Desktop	41	0	1
1130	Female	50	UK	Student	241	93	0.17	Web	0	1	1
1131	Male	26	FR	Premium	290	14	0.33	Mobile	0	1	0
1132	Female	23	FR	Student	137	39	0.49	Web	0	1	0
1133	Male	56	FR	Premium	187	60	0.14	Web	0	1	0
1134	Female	35	FR	Family	36	14	0.6	Web	0	1	0
1135	Male	56	UK	Family	106	5	0.55	Web	0	1	1
1136	Female	25	PK	Family	211	10	0.6	Mobile	0	1	0
1137	Female	44	AU	Family	64	88	0.24	Web	0	1	0
1138	Female	30	PK	Premium	49	75	0.36	Desktop	0	1	0
1139	Male	53	CA	Student	68	82	0.57	Web	0	1	1
1140	Male	31	US	Student	268	58	0.59	Web	0	1	0
1141	Female	52	UK	Premium	118	67	0.57	Mobile	0	1	0
1142	Female	31	AU	Free	200	50	0.33	Desktop	40	0	0
1143	Female	49	US	Free	13	96	0.05	Mobile	30	0	0
1144	Other	47	PK	Student	150	22	0.47	Mobile	0	1	0
1145	Other	30	IN	Family	43	7	0.04	Mobile	0	1	0
1146	Other	28	UK	Premium	298	12	0.59	Web	0	1	0
1147	Male	49	DE	Free	156	32	0.29	Desktop	33	0	0
1148	Female	23	AU	Family	27	72	0.01	Desktop	0	1	0
1149	Other	56	AU	Free	243	43	0.13	Desktop	10	0	0
1150	Female	38	FR	Family	282	48	0.57	Mobile	0	1	1
1151	Other	59	DE	Family	274	97	0.22	Web	0	1	0
1152	Female	52	UK	Family	253	50	0.25	Web	0	1	0
1153	Male	20	DE	Student	276	18	0.15	Web	0	1	1
1154	Male	38	US	Free	65	74	0.1	Web	28	0	0
1155	Female	24	IN	Free	12	99	0.17	Desktop	33	0	0
1156	Male	16	UK	Student	172	81	0.18	Web	0	1	0
1157	Female	17	FR	Family	183	1	0.17	Mobile	0	1	1
1158	Male	27	CA	Family	81	80	0.57	Mobile	0	1	0
1159	Female	43	DE	Student	214	94	0.28	Mobile	0	1	0
1160	Female	43	AU	Family	29	30	0.25	Web	0	1	0
1161	Female	38	FR	Premium	284	96	0.53	Web	0	1	0
1162	Male	19	PK	Student	257	91	0.48	Web	0	1	0
1163	Other	58	PK	Student	61	92	0.57	Web	0	1	0
1164	Female	35	FR	Student	53	25	0.06	Web	0	1	1
1165	Male	26	US	Premium	293	76	0.31	Mobile	0	1	0
1166	Other	25	CA	Free	205	47	0.54	Web	15	0	0
1167	Female	25	US	Premium	209	22	0.33	Web	0	1	0
1168	Male	34	AU	Student	242	28	0.43	Mobile	0	1	0
1169	Other	42	FR	Premium	88	48	0.15	Mobile	0	1	0
1170	Female	42	IN	Premium	99	67	0.26	Desktop	0	1	0
1171	Other	45	AU	Family	179	74	0.45	Desktop	0	1	0
1172	Female	35	UK	Family	174	66	0.56	Desktop	0	1	1
1173	Other	37	FR	Student	84	96	0.4	Mobile	0	1	0
1174	Other	17	UK	Student	275	78	0.11	Mobile	0	1	0
1175	Male	41	DE	Free	272	59	0.53	Web	21	0	0
1176	Female	49	AU	Student	252	72	0.4	Mobile	0	1	0
1177	Other	17	FR	Student	273	81	0.6	Mobile	0	1	0
1178	Other	47	AU	Premium	198	51	0.45	Desktop	0	1	0
1179	Male	17	US	Premium	172	49	0.56	Desktop	0	1	0
1180	Other	57	FR	Student	33	87	0.54	Web	0	1	1
1181	Female	43	IN	Premium	19	73	0.25	Desktop	0	1	0
1182	Female	59	IN	Student	254	46	0.45	Web	0	1	0
1183	Female	47	DE	Free	166	19	0.34	Desktop	36	0	0
1184	Other	39	CA	Student	215	89	0.45	Desktop	0	1	0
1185	Male	34	IN	Family	73	27	0.39	Mobile	0	1	1
1186	Male	21	IN	Family	247	30	0.42	Desktop	0	1	1
1187	Other	37	PK	Free	194	56	0.16	Web	13	0	0
1188	Other	47	IN	Student	193	55	0	Mobile	0	1	1
1189	Other	58	US	Student	31	28	0.01	Desktop	0	1	0
1190	Female	51	UK	Family	135	49	0.35	Desktop	0	1	1
1191	Female	34	DE	Student	99	67	0.26	Mobile	0	1	1
1192	Female	38	IN	Family	260	42	0.43	Web	0	1	0
1193	Female	24	IN	Premium	76	26	0.04	Desktop	0	1	0
1194	Male	57	DE	Student	221	41	0.35	Mobile	0	1	0
1195	Female	58	PK	Free	59	46	0.42	Mobile	5	0	0
1196	Male	58	AU	Family	80	50	0.32	Desktop	0	1	0
1197	Other	33	CA	Premium	295	99	0.54	Web	0	1	1
1198	Other	43	FR	Family	292	71	0.42	Web	0	1	0
1199	Female	39	CA	Family	133	74	0.21	Mobile	0	1	0
1200	Male	40	IN	Premium	191	88	0.52	Mobile	0	1	0
1201	Male	34	CA	Free	41	79	0.05	Mobile	39	0	1
1202	Male	20	AU	Premium	57	8	0.57	Desktop	0	1	0
1203	Female	35	CA	Free	251	27	0.52	Web	42	0	1
1204	Other	42	DE	Premium	22	80	0.45	Desktop	0	1	0
1205	Male	19	US	Free	32	62	0.19	Desktop	40	0	1
1206	Female	35	DE	Free	227	4	0.02	Web	32	0	0
1207	Other	48	UK	Family	228	20	0.32	Mobile	0	1	1
1208	Other	38	IN	Free	131	72	0.57	Mobile	37	0	0
1209	Female	19	DE	Free	96	67	0.27	Desktop	38	0	0
1210	Other	34	CA	Family	10	97	0.16	Desktop	0	1	0
1211	Male	29	IN	Family	57	31	0.03	Web	0	1	0
1212	Male	59	DE	Premium	51	30	0.03	Desktop	0	1	1
1213	Other	42	CA	Premium	51	78	0.06	Desktop	0	1	1
1214	Other	44	AU	Student	47	80	0.44	Mobile	0	1	0
1215	Female	25	FR	Family	120	52	0.32	Desktop	0	1	0
1216	Other	57	US	Family	101	32	0.17	Desktop	0	1	0
1217	Female	45	PK	Premium	240	48	0.5	Web	0	1	0
1218	Female	49	AU	Family	89	25	0.35	Web	0	1	0
1219	Female	51	UK	Free	45	61	0.37	Desktop	36	0	0
1220	Female	47	FR	Free	289	49	0.06	Web	47	0	0
1221	Female	53	AU	Free	280	74	0.39	Mobile	6	0	1
1222	Female	23	AU	Family	290	82	0.44	Desktop	0	1	1
1223	Other	47	IN	Family	100	26	0.06	Mobile	0	1	1
1224	Male	53	UK	Student	22	35	0.24	Mobile	0	1	1
1225	Female	39	US	Family	13	15	0.05	Web	0	1	0
1226	Female	26	PK	Student	245	71	0.37	Desktop	0	1	1
1227	Male	44	DE	Family	162	4	0.24	Web	0	1	0
1228	Male	24	US	Family	249	93	0.21	Desktop	0	1	0
1229	Other	41	CA	Free	218	6	0.13	Web	38	0	0
1230	Female	25	US	Family	22	87	0.27	Mobile	0	1	0
1231	Male	49	IN	Free	269	82	0.42	Desktop	5	0	1
1232	Female	39	US	Student	172	55	0.27	Desktop	0	1	0
1233	Other	39	DE	Family	10	36	0.04	Desktop	0	1	0
1234	Other	53	PK	Premium	93	28	0.45	Mobile	0	1	1
1235	Other	32	FR	Free	272	38	0.34	Mobile	20	0	0
1236	Male	27	CA	Family	53	82	0.48	Mobile	0	1	0
1237	Male	40	FR	Free	59	30	0.1	Web	44	0	0
1238	Male	51	AU	Premium	20	72	0.25	Mobile	0	1	0
1239	Female	52	UK	Premium	247	41	0.33	Desktop	0	1	0
1240	Other	40	CA	Premium	220	97	0.05	Desktop	0	1	0
1241	Other	23	DE	Premium	70	85	0.46	Mobile	0	1	0
1242	Female	42	UK	Premium	154	48	0.23	Desktop	0	1	0
1243	Male	18	UK	Premium	234	6	0.52	Desktop	0	1	1
1244	Male	20	AU	Free	158	95	0.13	Desktop	10	0	0
1245	Other	34	AU	Family	35	3	0.09	Desktop	0	1	1
1246	Other	59	CA	Free	233	80	0.16	Desktop	36	0	0
1247	Other	34	IN	Free	177	27	0.3	Web	22	0	1
1248	Other	42	DE	Free	193	28	0.55	Web	19	0	0
1249	Other	39	US	Family	67	38	0.06	Mobile	0	1	1
1250	Female	58	FR	Premium	244	4	0.37	Mobile	0	1	0
1251	Other	20	UK	Student	111	92	0.36	Desktop	0	1	1
1252	Female	52	US	Free	281	1	0.1	Web	47	0	0
1253	Male	55	PK	Free	222	74	0.49	Web	34	0	0
1254	Male	31	IN	Family	142	98	0.28	Desktop	0	1	1
1255	Female	20	DE	Family	188	10	0.33	Desktop	0	1	0
1256	Male	21	AU	Student	11	3	0.48	Desktop	0	1	1
1257	Other	27	UK	Premium	221	53	0.01	Mobile	0	1	1
1258	Other	57	IN	Student	76	9	0.11	Web	0	1	0
1259	Male	55	DE	Free	166	55	0.28	Web	32	0	0
1260	Other	32	CA	Free	180	91	0.37	Web	7	0	0
1261	Other	17	CA	Free	298	88	0.14	Mobile	37	0	0
1262	Male	38	DE	Free	71	85	0.4	Web	40	0	1
1263	Female	58	UK	Student	115	23	0.34	Desktop	0	1	0
1264	Male	42	UK	Family	193	66	0.22	Mobile	0	1	0
1265	Female	46	AU	Free	242	37	0.2	Web	34	0	0
1266	Male	51	UK	Premium	12	81	0.3	Mobile	0	1	0
1267	Female	17	PK	Student	116	40	0.01	Desktop	0	1	0
1268	Male	54	AU	Family	213	38	0.55	Desktop	0	1	1
1269	Other	35	DE	Free	246	46	0.13	Mobile	18	0	0
1270	Other	16	PK	Free	48	31	0.48	Desktop	44	0	0
1271	Male	57	AU	Family	133	19	0.12	Web	0	1	0
1272	Female	42	IN	Student	207	75	0.04	Web	0	1	0
1273	Female	31	UK	Free	180	7	0.44	Desktop	44	0	0
1274	Male	53	CA	Premium	79	74	0.05	Desktop	0	1	0
1275	Female	25	AU	Premium	294	74	0.36	Web	0	1	0
1276	Male	59	PK	Premium	118	39	0.01	Web	0	1	0
1277	Male	27	FR	Premium	205	53	0.42	Mobile	0	1	1
1278	Female	37	AU	Free	84	83	0.2	Web	7	0	0
1279	Other	34	AU	Premium	296	98	0.03	Mobile	0	1	0
1280	Male	36	PK	Student	281	27	0.08	Desktop	0	1	1
1281	Female	43	FR	Free	63	90	0.32	Web	49	0	1
1282	Female	40	PK	Free	219	71	0.2	Desktop	26	0	0
1283	Other	57	AU	Premium	63	73	0.1	Web	0	1	0
1284	Other	43	US	Family	261	55	0.15	Mobile	0	1	0
1285	Male	36	UK	Free	243	36	0.29	Desktop	32	0	1
1286	Female	33	PK	Premium	110	78	0.42	Web	0	1	0
1287	Other	37	AU	Student	41	98	0.04	Web	0	1	0
1288	Other	56	US	Premium	140	79	0.13	Web	0	1	0
1289	Male	45	US	Student	178	97	0.52	Desktop	0	1	0
1290	Male	29	DE	Student	179	13	0.43	Mobile	0	1	0
1291	Male	35	CA	Free	168	85	0.43	Mobile	39	0	0
1292	Female	24	FR	Premium	90	7	0.56	Web	0	1	0
1293	Male	44	CA	Free	296	90	0.15	Web	26	0	1
1294	Other	29	PK	Free	268	41	0.2	Web	38	0	1
1295	Other	47	IN	Free	80	39	0.31	Desktop	43	0	1
1296	Male	44	AU	Free	199	59	0.06	Desktop	32	0	0
1297	Male	53	DE	Student	116	37	0.44	Mobile	0	1	0
1298	Female	20	AU	Family	198	87	0.27	Web	0	1	0
1299	Female	25	UK	Family	201	31	0.17	Web	0	1	1
1300	Male	31	AU	Student	80	27	0.1	Web	0	1	0
1301	Other	41	AU	Student	222	90	0.58	Web	0	1	0
1302	Female	43	PK	Student	36	47	0.4	Web	0	1	1
1303	Female	18	US	Premium	113	92	0.04	Mobile	0	1	0
1304	Other	31	CA	Family	149	96	0.28	Desktop	0	1	0
1305	Male	44	AU	Free	34	50	0.15	Mobile	27	0	0
1306	Male	27	PK	Free	20	68	0	Mobile	45	0	0
1307	Other	21	CA	Free	198	46	0.49	Mobile	42	0	0
1308	Male	25	PK	Free	265	26	0.5	Desktop	14	0	0
1309	Male	43	IN	Premium	149	38	0.04	Desktop	0	1	0
1310	Other	52	CA	Family	217	72	0.13	Web	0	1	0
1311	Other	36	CA	Premium	54	24	0.56	Mobile	0	1	1
1312	Female	31	FR	Student	278	12	0.18	Web	0	1	1
1313	Other	41	US	Free	99	43	0.04	Web	19	0	0
1314	Male	57	US	Free	89	4	0.24	Web	27	0	1
1315	Female	46	FR	Family	245	65	0.57	Mobile	0	1	0
1316	Other	16	UK	Student	252	17	0.51	Mobile	0	1	0
1317	Male	20	PK	Premium	11	59	0.42	Web	0	1	1
1318	Male	55	CA	Student	29	2	0.27	Mobile	0	1	0
1319	Other	32	AU	Family	78	95	0.15	Web	0	1	1
1320	Female	26	FR	Free	199	95	0.47	Web	49	0	0
1321	Male	25	AU	Free	238	34	0.18	Desktop	32	0	0
1322	Other	57	UK	Premium	231	77	0.23	Mobile	0	1	0
1323	Female	28	AU	Student	283	17	0.04	Mobile	0	1	1
1324	Male	26	US	Premium	209	78	0.58	Desktop	0	1	0
1325	Female	59	UK	Premium	227	23	0.07	Mobile	0	1	0
1326	Female	20	CA	Premium	36	23	0.18	Desktop	0	1	0
1327	Female	54	FR	Family	117	73	0.4	Mobile	0	1	0
1328	Male	57	IN	Family	131	6	0.27	Web	0	1	1
1329	Other	30	PK	Student	293	30	0.56	Mobile	0	1	0
1330	Female	53	DE	Premium	44	67	0.18	Mobile	0	1	0
1331	Male	40	US	Family	268	98	0.33	Desktop	0	1	0
1332	Female	59	FR	Family	242	67	0.41	Desktop	0	1	0
1333	Male	21	AU	Family	141	94	0.54	Mobile	0	1	1
1334	Female	48	CA	Family	277	74	0.36	Mobile	0	1	0
1335	Female	42	PK	Family	106	98	0.59	Desktop	0	1	0
1336	Female	37	PK	Premium	153	93	0.51	Mobile	0	1	1
1337	Other	57	UK	Student	91	33	0.06	Mobile	0	1	0
1338	Female	25	CA	Family	264	43	0.51	Web	0	1	0
1339	Male	22	US	Family	163	55	0.01	Desktop	0	1	1
1340	Male	33	US	Student	87	87	0.22	Desktop	0	1	0
1341	Female	18	UK	Premium	155	45	0.42	Web	0	1	1
1342	Male	58	FR	Free	90	57	0.01	Web	6	0	1
1343	Other	43	PK	Student	20	56	0.09	Web	0	1	0
1344	Male	33	UK	Free	262	56	0.16	Desktop	41	0	0
1345	Other	19	IN	Free	177	59	0.32	Web	48	0	0
1346	Other	57	UK	Student	232	43	0.59	Web	0	1	1
1347	Other	32	AU	Student	288	84	0.33	Desktop	0	1	0
1348	Other	51	CA	Family	122	20	0.41	Web	0	1	1
1349	Other	30	US	Premium	249	21	0.53	Mobile	0	1	0
1350	Male	34	US	Student	177	22	0.18	Web	0	1	0
1351	Male	57	CA	Family	59	19	0.25	Desktop	0	1	0
1352	Female	51	AU	Free	79	61	0.11	Web	27	0	1
1353	Other	22	CA	Family	30	39	0.33	Desktop	0	1	0
1354	Female	29	UK	Premium	26	35	0.28	Desktop	0	1	1
1355	Other	33	IN	Free	182	67	0.49	Web	31	0	0
1356	Female	48	CA	Family	193	41	0.17	Desktop	0	1	0
1357	Male	35	IN	Student	82	26	0.31	Mobile	0	1	1
1358	Female	32	CA	Free	114	34	0.16	Web	16	0	0
1359	Female	17	PK	Premium	92	65	0.16	Web	0	1	0
1360	Other	56	UK	Free	265	50	0.05	Web	19	0	0
1361	Male	53	IN	Family	45	77	0.55	Desktop	0	1	0
1362	Other	42	UK	Family	177	60	0.04	Desktop	0	1	0
1363	Other	19	FR	Free	16	48	0.06	Web	47	0	0
1364	Male	18	FR	Student	238	42	0.51	Desktop	0	1	0
1365	Male	49	PK	Family	290	21	0.53	Mobile	0	1	1
1366	Other	24	DE	Premium	88	7	0.33	Mobile	0	1	0
1367	Female	47	US	Premium	119	50	0.57	Mobile	0	1	1
1368	Female	18	IN	Family	52	74	0	Web	0	1	1
1369	Female	58	PK	Student	223	2	0.01	Desktop	0	1	0
1370	Other	21	UK	Student	240	55	0.01	Desktop	0	1	1
1371	Female	48	FR	Free	62	14	0.58	Desktop	10	0	0
1372	Male	49	AU	Free	121	99	0.28	Mobile	47	0	0
1373	Male	52	UK	Student	173	45	0.41	Web	0	1	0
1374	Male	25	US	Student	56	91	0.08	Desktop	0	1	1
1375	Other	32	UK	Free	113	95	0.06	Web	22	0	1
1376	Male	44	US	Student	253	87	0.26	Desktop	0	1	0
1377	Other	50	US	Free	205	25	0.13	Web	13	0	0
1378	Female	58	FR	Student	20	46	0.49	Desktop	0	1	0
1379	Male	16	AU	Family	240	31	0.5	Web	0	1	0
1380	Other	47	IN	Premium	92	95	0.21	Web	0	1	0
1381	Other	23	UK	Premium	288	82	0.39	Desktop	0	1	0
1382	Other	43	US	Free	273	96	0.37	Mobile	41	0	0
1383	Male	45	IN	Student	19	4	0.02	Web	0	1	1
1384	Male	23	PK	Family	271	57	0.54	Desktop	0	1	0
1385	Other	38	UK	Student	72	61	0.2	Web	0	1	0
1386	Female	48	IN	Free	114	72	0.48	Web	44	0	1
1387	Male	31	UK	Premium	283	73	0.17	Mobile	0	1	0
1388	Other	56	IN	Free	245	92	0.28	Mobile	38	0	0
1389	Female	47	US	Free	116	21	0.24	Web	46	0	0
1390	Other	31	US	Free	126	22	0.15	Web	42	0	0
1391	Other	59	CA	Student	114	13	0.01	Mobile	0	1	0
1392	Male	45	IN	Free	31	47	0.22	Mobile	13	0	0
1393	Male	53	IN	Free	57	90	0.5	Desktop	15	0	0
1394	Other	34	UK	Free	272	30	0.46	Mobile	12	0	0
1395	Male	53	AU	Student	264	70	0.23	Web	0	1	0
1396	Other	53	CA	Premium	191	9	0.24	Mobile	0	1	1
1397	Other	44	DE	Student	229	6	0.33	Desktop	0	1	0
1398	Male	33	US	Free	74	67	0.15	Desktop	14	0	0
1399	Female	51	IN	Premium	98	38	0.59	Web	0	1	0
1400	Other	17	DE	Family	29	33	0.55	Desktop	0	1	1
1401	Female	43	UK	Free	21	16	0.34	Desktop	38	0	0
1402	Male	20	PK	Free	58	75	0.08	Web	47	0	0
1403	Male	42	DE	Family	292	64	0.09	Web	0	1	0
1404	Male	54	FR	Premium	49	13	0.04	Desktop	0	1	0
1405	Male	41	DE	Premium	126	86	0.33	Web	0	1	1
1406	Other	50	AU	Free	192	94	0.5	Mobile	44	0	0
1407	Male	28	PK	Family	294	41	0.15	Desktop	0	1	0
1408	Female	42	AU	Student	123	29	0.19	Desktop	0	1	0
1409	Other	31	FR	Premium	139	16	0.13	Desktop	0	1	0
1410	Male	34	AU	Premium	55	17	0.39	Web	0	1	0
1411	Other	26	AU	Free	228	74	0.3	Web	40	0	0
1412	Female	45	DE	Student	204	93	0.33	Desktop	0	1	0
1413	Female	24	US	Premium	199	81	0.26	Web	0	1	0
1414	Other	56	PK	Family	71	48	0.28	Web	0	1	0
1415	Female	39	FR	Family	251	25	0.22	Mobile	0	1	1
1416	Other	51	IN	Family	77	25	0.24	Desktop	0	1	0
1417	Female	20	US	Free	23	15	0.12	Web	5	0	0
1418	Other	19	IN	Student	30	19	0.26	Desktop	0	1	0
1419	Other	30	PK	Family	114	49	0.3	Web	0	1	0
1420	Other	43	PK	Free	48	78	0.36	Mobile	19	0	0
1421	Other	44	AU	Student	33	12	0.41	Web	0	1	0
1422	Female	59	DE	Premium	121	62	0.41	Desktop	0	1	1
1423	Female	16	CA	Free	147	4	0.58	Web	47	0	0
1424	Female	48	PK	Student	103	88	0.54	Desktop	0	1	0
1425	Female	33	DE	Premium	222	10	0.27	Mobile	0	1	0
1426	Male	45	PK	Family	58	41	0.17	Mobile	0	1	0
1427	Other	27	PK	Family	297	30	0.07	Desktop	0	1	0
1428	Male	17	DE	Free	117	83	0.26	Mobile	9	0	0
1429	Other	49	FR	Premium	131	49	0.04	Mobile	0	1	0
1430	Male	36	IN	Free	97	12	0.44	Desktop	32	0	0
1431	Female	53	DE	Family	112	35	0.42	Web	0	1	1
1432	Male	34	CA	Family	185	10	0.41	Mobile	0	1	1
1433	Other	36	IN	Family	131	16	0.5	Desktop	0	1	0
1434	Other	25	UK	Premium	56	53	0.12	Desktop	0	1	1
1435	Female	43	FR	Student	64	53	0.4	Desktop	0	1	1
1436	Male	42	AU	Family	160	91	0.27	Mobile	0	1	0
1437	Other	26	IN	Family	134	98	0.18	Desktop	0	1	0
1438	Male	16	UK	Premium	160	15	0.03	Desktop	0	1	0
1439	Male	48	UK	Premium	47	46	0.2	Web	0	1	0
1440	Male	53	US	Free	15	26	0.02	Mobile	29	0	1
1441	Female	22	DE	Premium	291	58	0.12	Desktop	0	1	0
1442	Other	19	UK	Free	75	21	0.24	Desktop	10	0	0
1443	Female	52	FR	Premium	130	53	0.2	Desktop	0	1	0
1444	Other	20	FR	Premium	96	50	0.49	Desktop	0	1	1
1445	Other	18	CA	Student	284	1	0.13	Mobile	0	1	1
1446	Other	40	FR	Student	173	56	0.39	Web	0	1	0
1447	Other	40	PK	Family	238	43	0.01	Desktop	0	1	0
1448	Other	38	PK	Free	52	14	0.49	Mobile	8	0	0
1449	Other	51	PK	Student	212	97	0.29	Web	0	1	0
1450	Male	36	IN	Premium	246	45	0.18	Mobile	0	1	0
1451	Male	51	CA	Family	59	88	0.14	Mobile	0	1	1
1452	Male	40	CA	Student	250	81	0.34	Web	0	1	0
1453	Other	25	PK	Free	138	7	0.37	Mobile	9	0	0
1454	Other	45	FR	Premium	75	4	0.17	Web	0	1	1
1455	Other	30	DE	Premium	53	92	0.22	Mobile	0	1	0
1456	Other	47	CA	Free	168	25	0.35	Web	6	0	1
1457	Female	30	IN	Premium	109	76	0.41	Desktop	0	1	0
1458	Female	46	UK	Free	22	63	0.36	Desktop	37	0	0
1459	Female	59	FR	Student	188	85	0.55	Desktop	0	1	1
1460	Other	41	FR	Family	12	41	0.41	Desktop	0	1	0
1461	Male	55	AU	Free	62	20	0.57	Desktop	28	0	0
1462	Female	30	AU	Free	278	11	0.27	Mobile	15	0	0
1463	Male	59	FR	Family	34	85	0.3	Web	0	1	1
1464	Other	26	US	Family	28	28	0.31	Desktop	0	1	1
1465	Female	34	UK	Free	175	14	0.07	Desktop	48	0	0
1466	Male	44	FR	Family	217	31	0.01	Web	0	1	0
1467	Other	45	UK	Free	178	92	0.08	Web	16	0	1
1468	Other	37	US	Family	135	47	0.42	Mobile	0	1	0
1469	Other	24	IN	Premium	216	40	0.4	Web	0	1	0
1470	Other	29	US	Family	203	93	0.26	Web	0	1	1
1471	Male	23	DE	Student	69	14	0.04	Mobile	0	1	1
1472	Male	28	FR	Premium	280	9	0.33	Mobile	0	1	0
1473	Other	49	UK	Premium	200	91	0.47	Mobile	0	1	0
1474	Female	39	US	Free	174	82	0.24	Web	17	0	0
1475	Other	19	US	Student	192	1	0.17	Desktop	0	1	1
1476	Male	43	FR	Student	65	91	0.09	Desktop	0	1	0
1477	Other	55	IN	Free	39	91	0.29	Mobile	32	0	1
1478	Male	20	IN	Family	108	90	0.56	Web	0	1	0
1479	Female	32	UK	Free	114	25	0.28	Web	21	0	0
1480	Other	48	AU	Premium	142	29	0.3	Mobile	0	1	0
1481	Male	28	IN	Free	25	58	0.04	Web	32	0	0
1482	Other	50	UK	Family	28	81	0.37	Mobile	0	1	1
1483	Female	39	PK	Family	104	83	0.16	Mobile	0	1	0
1484	Male	58	UK	Free	49	1	0.23	Web	45	0	0
1485	Female	49	AU	Premium	213	85	0.15	Desktop	0	1	1
1486	Female	21	DE	Premium	262	39	0.23	Web	0	1	0
1487	Other	33	DE	Family	224	25	0.3	Mobile	0	1	0
1488	Female	35	FR	Family	238	80	0.1	Web	0	1	0
1489	Female	38	AU	Student	216	81	0.44	Mobile	0	1	1
1490	Male	32	UK	Student	75	71	0.5	Desktop	0	1	1
1491	Female	58	AU	Premium	275	13	0.59	Web	0	1	0
1492	Female	24	CA	Student	13	27	0.5	Web	0	1	0
1493	Other	33	CA	Student	37	87	0.29	Desktop	0	1	0
1494	Other	42	AU	Family	126	5	0.35	Desktop	0	1	0
1495	Other	23	UK	Student	50	61	0.42	Web	0	1	1
1496	Male	27	PK	Family	195	3	0.27	Web	0	1	1
1497	Other	27	FR	Free	145	57	0.36	Mobile	19	0	0
1498	Female	48	AU	Family	48	11	0.5	Desktop	0	1	0
1499	Male	46	CA	Family	290	60	0.42	Mobile	0	1	0
1500	Male	20	DE	Student	215	9	0	Mobile	0	1	0
1501	Female	57	UK	Family	267	95	0.32	Desktop	0	1	1
1502	Other	45	CA	Premium	71	68	0.18	Desktop	0	1	1
1503	Other	17	UK	Family	147	86	0.44	Desktop	0	1	0
1504	Female	43	FR	Premium	252	68	0.13	Desktop	0	1	0
1505	Female	54	PK	Student	253	68	0.46	Mobile	0	1	0
1506	Female	55	US	Premium	157	35	0.19	Desktop	0	1	0
1507	Male	18	US	Family	123	41	0.42	Web	0	1	0
1508	Male	23	CA	Family	171	84	0.11	Mobile	0	1	0
1509	Female	43	CA	Student	112	31	0.6	Desktop	0	1	0
1510	Male	58	UK	Free	85	58	0.04	Web	30	0	1
1511	Other	33	DE	Family	153	85	0.04	Web	0	1	0
1512	Male	37	PK	Family	254	84	0.01	Desktop	0	1	0
1513	Female	53	UK	Student	211	47	0.06	Web	0	1	1
1514	Female	40	PK	Family	155	61	0.46	Mobile	0	1	1
1515	Male	40	US	Free	124	76	0.34	Web	42	0	0
1516	Female	18	UK	Student	120	23	0.45	Web	0	1	0
1517	Other	25	PK	Free	122	82	0.27	Web	47	0	0
1518	Male	59	UK	Free	135	63	0.08	Web	30	0	0
1519	Male	25	CA	Free	24	29	0.29	Desktop	9	0	0
1520	Male	40	PK	Free	84	6	0.32	Web	18	0	0
1521	Other	35	CA	Premium	15	40	0.37	Mobile	0	1	1
1522	Other	37	PK	Family	219	9	0.02	Desktop	0	1	0
1523	Male	21	IN	Family	81	17	0.32	Web	0	1	0
1524	Female	44	DE	Free	222	51	0.4	Web	17	0	0
1525	Male	36	IN	Premium	165	45	0.46	Desktop	0	1	0
1526	Male	57	CA	Student	130	7	0.08	Mobile	0	1	1
1527	Male	30	DE	Family	175	84	0.04	Web	0	1	1
1528	Female	30	UK	Student	299	61	0.53	Web	0	1	0
1529	Female	49	FR	Student	38	13	0.16	Desktop	0	1	0
1530	Other	19	PK	Family	12	83	0.2	Desktop	0	1	0
1531	Male	20	UK	Free	61	1	0.27	Desktop	43	0	1
1532	Other	19	AU	Family	219	58	0.22	Desktop	0	1	0
1533	Other	20	AU	Free	120	46	0	Web	16	0	1
1534	Female	59	DE	Premium	92	86	0.44	Desktop	0	1	0
1535	Male	41	UK	Student	65	87	0.47	Web	0	1	1
1536	Other	46	FR	Student	271	13	0.48	Web	0	1	0
1537	Other	26	UK	Family	270	4	0.15	Web	0	1	1
1538	Female	51	DE	Premium	180	64	0.59	Desktop	0	1	0
1539	Other	46	AU	Free	154	95	0.21	Mobile	37	0	0
1540	Male	16	DE	Free	76	30	0.58	Web	6	0	1
1541	Male	27	UK	Premium	36	57	0.39	Mobile	0	1	0
1542	Other	59	US	Premium	79	24	0.28	Mobile	0	1	0
1543	Other	58	FR	Family	238	74	0.2	Desktop	0	1	1
1544	Female	57	IN	Family	64	71	0.03	Desktop	0	1	0
1545	Female	30	PK	Premium	258	50	0.11	Mobile	0	1	1
1546	Other	24	DE	Family	228	72	0.38	Web	0	1	0
1547	Female	51	DE	Free	43	4	0.08	Web	41	0	0
1548	Female	50	AU	Free	162	40	0.24	Web	11	0	0
1549	Other	33	IN	Family	144	66	0.05	Desktop	0	1	0
1550	Female	31	US	Family	74	78	0.39	Desktop	0	1	1
1551	Male	28	DE	Student	213	48	0.22	Desktop	0	1	1
1552	Female	47	UK	Family	108	56	0.28	Web	0	1	0
1553	Male	23	FR	Free	127	95	0.27	Mobile	16	0	0
1554	Male	59	FR	Free	295	8	0.41	Web	47	0	1
1555	Female	19	PK	Student	71	50	0.27	Desktop	0	1	0
1556	Male	35	UK	Premium	156	44	0.56	Mobile	0	1	0
1557	Female	44	IN	Student	35	64	0.39	Mobile	0	1	0
1558	Female	36	UK	Student	149	21	0.26	Web	0	1	0
1559	Female	52	PK	Student	160	46	0.3	Mobile	0	1	0
1560	Male	48	UK	Student	190	26	0.51	Web	0	1	1
1561	Other	56	CA	Premium	37	9	0.29	Desktop	0	1	0
1562	Female	20	PK	Free	48	76	0.17	Mobile	13	0	0
1563	Female	57	AU	Family	148	96	0.17	Desktop	0	1	0
1564	Female	17	DE	Premium	156	23	0.03	Desktop	0	1	0
1565	Male	40	US	Premium	171	45	0.42	Web	0	1	0
1566	Male	54	PK	Family	276	39	0.16	Web	0	1	1
1567	Other	38	CA	Family	178	96	0.07	Web	0	1	0
1568	Female	30	UK	Free	193	66	0.57	Desktop	43	0	1
1569	Female	36	DE	Free	68	20	0.47	Web	17	0	0
1570	Male	47	PK	Free	237	74	0.5	Mobile	48	0	1
1571	Female	39	DE	Student	54	20	0.19	Desktop	0	1	0
1572	Female	16	AU	Family	29	67	0.11	Mobile	0	1	1
1573	Other	48	PK	Premium	265	61	0.05	Mobile	0	1	0
1574	Male	59	PK	Student	138	72	0.2	Mobile	0	1	0
1575	Female	58	UK	Premium	165	21	0.02	Mobile	0	1	0
1576	Other	41	CA	Family	135	12	0.32	Web	0	1	0
1577	Female	41	UK	Free	156	9	0.31	Mobile	25	0	0
1578	Other	49	UK	Family	289	88	0.32	Web	0	1	0
1579	Male	36	FR	Free	205	33	0.25	Web	46	0	1
1580	Male	58	US	Student	158	66	0.04	Desktop	0	1	0
1581	Male	47	FR	Student	150	52	0.03	Web	0	1	0
1582	Male	42	DE	Student	83	12	0.04	Desktop	0	1	0
1583	Other	27	PK	Free	216	49	0.05	Mobile	31	0	0
1584	Female	34	PK	Premium	99	78	0.43	Desktop	0	1	0
1585	Male	36	AU	Family	171	55	0.15	Mobile	0	1	1
1586	Other	18	CA	Student	126	15	0.08	Web	0	1	0
1587	Female	39	DE	Premium	133	52	0.57	Web	0	1	0
1588	Female	56	AU	Student	289	29	0.13	Desktop	0	1	0
1589	Male	21	US	Free	215	30	0.55	Mobile	10	0	0
1590	Male	50	CA	Premium	90	51	0.1	Desktop	0	1	1
1591	Female	51	DE	Student	208	89	0.11	Mobile	0	1	1
1592	Female	59	AU	Free	88	32	0.1	Mobile	22	0	0
1593	Female	17	US	Free	18	82	0.02	Mobile	38	0	1
1594	Female	58	AU	Student	10	5	0.12	Desktop	0	1	0
1595	Other	40	FR	Student	232	43	0.54	Web	0	1	1
1596	Female	28	US	Free	110	26	0.31	Mobile	40	0	1
1597	Female	55	US	Premium	147	98	0.08	Desktop	0	1	1
1598	Other	17	AU	Student	48	51	0.07	Desktop	0	1	0
1599	Other	23	PK	Premium	254	46	0.49	Web	0	1	0
1600	Female	16	PK	Student	268	16	0.33	Desktop	0	1	1
1601	Male	55	UK	Family	220	54	0.31	Web	0	1	1
1602	Male	39	FR	Free	299	56	0.24	Web	15	0	0
1603	Male	48	CA	Premium	252	33	0.36	Mobile	0	1	0
1604	Male	35	IN	Family	75	92	0.38	Desktop	0	1	1
1605	Female	20	DE	Student	62	94	0.52	Desktop	0	1	1
1606	Male	44	CA	Premium	86	4	0.43	Desktop	0	1	0
1607	Female	24	IN	Premium	128	30	0.11	Desktop	0	1	0
1608	Other	59	PK	Free	68	17	0.5	Desktop	38	0	0
1609	Male	23	IN	Family	74	59	0.16	Mobile	0	1	0
1610	Female	49	CA	Family	170	45	0.21	Desktop	0	1	0
1611	Female	39	AU	Premium	266	28	0.4	Desktop	0	1	0
1612	Other	58	IN	Premium	69	27	0.23	Mobile	0	1	0
1613	Other	31	IN	Premium	125	56	0.21	Mobile	0	1	0
1614	Female	25	PK	Student	60	31	0.29	Web	0	1	0
1615	Female	56	PK	Premium	202	82	0.41	Desktop	0	1	0
1616	Male	17	PK	Family	227	65	0.48	Mobile	0	1	0
1617	Male	34	FR	Family	80	62	0.08	Mobile	0	1	1
1618	Male	51	IN	Free	176	9	0.09	Web	39	0	0
1619	Female	43	AU	Free	218	77	0.14	Desktop	35	0	1
1620	Female	28	AU	Premium	241	47	0.28	Web	0	1	0
1621	Male	38	US	Free	16	50	0.48	Mobile	20	0	1
1622	Male	28	CA	Family	217	47	0.36	Web	0	1	0
1623	Other	44	US	Premium	293	39	0.48	Desktop	0	1	0
1624	Male	42	DE	Family	59	52	0.3	Web	0	1	1
1625	Female	49	PK	Student	99	11	0.12	Web	0	1	0
1626	Other	27	AU	Free	204	23	0.49	Mobile	8	0	1
1627	Male	54	UK	Premium	203	97	0.08	Desktop	0	1	0
1628	Female	51	CA	Premium	145	30	0.42	Web	0	1	0
1629	Other	45	DE	Family	272	14	0.31	Mobile	0	1	1
1630	Other	21	PK	Free	141	26	0.43	Mobile	36	0	1
1631	Female	37	UK	Family	222	15	0.02	Desktop	0	1	0
1632	Male	27	IN	Premium	165	35	0.58	Web	0	1	0
1633	Female	28	CA	Free	215	35	0.06	Mobile	19	0	0
1634	Male	22	PK	Student	111	48	0.01	Web	0	1	0
1635	Female	49	UK	Student	55	40	0.44	Web	0	1	0
1636	Female	16	DE	Student	184	83	0.14	Mobile	0	1	1
1637	Male	31	PK	Free	56	56	0.14	Mobile	20	0	0
1638	Male	28	DE	Family	52	21	0.09	Web	0	1	1
1639	Female	48	AU	Free	292	23	0.45	Web	39	0	0
1640	Other	45	PK	Premium	155	7	0.27	Web	0	1	0
1641	Male	18	DE	Student	274	43	0.49	Desktop	0	1	0
1642	Other	54	PK	Premium	299	64	0.19	Desktop	0	1	0
1643	Other	35	CA	Free	262	54	0.32	Web	19	0	0
1644	Male	46	UK	Premium	224	27	0.16	Mobile	0	1	0
1645	Other	24	US	Student	283	8	0.56	Desktop	0	1	0
1646	Female	41	DE	Premium	220	87	0.19	Mobile	0	1	0
1647	Female	39	UK	Student	95	91	0.16	Desktop	0	1	0
1648	Male	41	PK	Student	64	38	0.54	Web	0	1	0
1649	Male	40	PK	Family	145	99	0.1	Desktop	0	1	0
1650	Male	40	DE	Student	25	25	0.41	Web	0	1	0
1651	Other	30	PK	Student	25	62	0.23	Web	0	1	0
1652	Male	18	UK	Family	137	72	0.15	Mobile	0	1	0
1653	Male	52	CA	Family	59	79	0.48	Mobile	0	1	1
1654	Female	56	AU	Student	236	65	0.58	Desktop	0	1	0
1655	Male	57	FR	Free	158	51	0.2	Desktop	42	0	1
1656	Other	36	UK	Family	135	1	0.04	Mobile	0	1	0
1657	Male	47	CA	Free	99	63	0.08	Web	31	0	0
1658	Female	37	UK	Free	138	98	0.54	Web	17	0	1
1659	Male	48	DE	Premium	107	9	0.04	Mobile	0	1	0
1660	Male	53	UK	Student	196	3	0.07	Mobile	0	1	0
1661	Female	17	CA	Premium	151	53	0.25	Web	0	1	0
1662	Other	54	CA	Free	218	76	0.41	Mobile	49	0	0
1663	Other	55	US	Student	33	93	0.09	Mobile	0	1	0
1664	Male	35	UK	Premium	138	31	0.26	Web	0	1	0
1665	Male	37	UK	Premium	221	65	0.01	Mobile	0	1	0
1666	Male	34	DE	Premium	234	7	0.01	Web	0	1	0
1667	Other	33	AU	Free	236	56	0.17	Web	19	0	0
1668	Female	55	IN	Free	242	14	0.04	Desktop	17	0	0
1669	Male	24	PK	Student	118	60	0.51	Mobile	0	1	1
1670	Female	35	UK	Student	98	45	0.14	Web	0	1	0
1671	Male	41	DE	Student	108	74	0.36	Web	0	1	1
1672	Other	51	IN	Student	198	41	0.47	Mobile	0	1	1
1673	Female	16	FR	Premium	148	76	0.5	Desktop	0	1	0
1674	Male	45	DE	Student	198	4	0.15	Desktop	0	1	0
1675	Other	34	AU	Family	245	20	0.12	Desktop	0	1	0
1676	Female	48	IN	Free	272	96	0.34	Desktop	46	0	0
1677	Female	49	CA	Student	24	25	0.2	Desktop	0	1	0
1678	Male	46	IN	Premium	291	29	0.03	Web	0	1	0
1679	Male	35	FR	Premium	244	42	0.48	Desktop	0	1	0
1680	Female	18	DE	Student	29	5	0.01	Web	0	1	0
1681	Female	36	US	Free	189	30	0.53	Desktop	20	0	0
1682	Female	58	UK	Free	237	52	0.19	Web	19	0	0
1683	Female	24	DE	Free	246	51	0.37	Mobile	30	0	0
1684	Female	46	IN	Free	213	44	0.35	Mobile	32	0	0
1685	Other	35	UK	Free	182	38	0.53	Web	40	0	0
1686	Female	34	DE	Free	16	46	0.01	Web	47	0	0
1687	Male	18	FR	Family	294	3	0.44	Web	0	1	0
1688	Female	39	US	Free	140	54	0.16	Desktop	33	0	1
1689	Female	33	FR	Free	110	11	0.52	Desktop	19	0	0
1690	Female	29	UK	Free	93	99	0.25	Mobile	47	0	1
1691	Male	41	IN	Premium	221	64	0.35	Web	0	1	1
1692	Female	35	UK	Premium	142	1	0.59	Desktop	0	1	1
1693	Male	51	CA	Student	72	43	0.38	Mobile	0	1	0
1694	Male	45	CA	Student	256	50	0.21	Mobile	0	1	0
1695	Female	17	AU	Free	66	25	0.52	Desktop	18	0	0
1696	Male	29	UK	Premium	81	21	0.19	Mobile	0	1	0
1697	Female	30	DE	Student	37	79	0.53	Mobile	0	1	0
1698	Male	52	US	Premium	92	60	0.55	Mobile	0	1	1
1699	Female	53	US	Family	32	6	0.19	Web	0	1	1
1700	Female	34	DE	Student	175	8	0.01	Desktop	0	1	0
1701	Male	32	DE	Family	106	44	0.58	Mobile	0	1	0
1702	Male	58	FR	Premium	154	28	0.19	Web	0	1	1
1703	Other	23	IN	Premium	210	66	0.01	Mobile	0	1	0
1704	Male	16	DE	Family	226	78	0.38	Web	0	1	0
1705	Other	57	DE	Student	78	21	0.08	Web	0	1	0
1706	Female	25	FR	Free	220	89	0.56	Web	33	0	1
1707	Other	53	UK	Family	124	97	0.47	Desktop	0	1	0
1708	Other	59	US	Student	217	37	0.07	Web	0	1	0
1709	Male	21	CA	Free	41	43	0.17	Mobile	22	0	0
1710	Other	22	CA	Premium	205	94	0.26	Desktop	0	1	1
1711	Male	16	US	Premium	166	14	0.18	Mobile	0	1	0
1712	Male	43	US	Student	271	66	0.54	Mobile	0	1	0
1713	Other	59	DE	Free	66	35	0	Web	49	0	0
1714	Female	52	UK	Student	280	53	0.41	Mobile	0	1	0
1715	Female	50	DE	Free	62	78	0.47	Web	26	0	0
1716	Other	57	AU	Student	53	96	0.28	Desktop	0	1	0
1717	Female	37	FR	Premium	90	80	0.3	Desktop	0	1	1
1718	Male	19	DE	Student	23	50	0.43	Desktop	0	1	0
1719	Male	29	IN	Free	57	78	0.45	Web	37	0	0
1720	Female	46	DE	Student	226	22	0.08	Web	0	1	0
1721	Female	53	UK	Student	274	71	0.55	Mobile	0	1	0
1722	Male	23	IN	Student	133	93	0.48	Mobile	0	1	1
1723	Other	34	CA	Free	95	71	0.52	Web	34	0	1
1724	Female	49	FR	Premium	68	3	0.26	Desktop	0	1	0
1725	Female	23	US	Student	146	57	0.4	Web	0	1	0
1726	Male	16	IN	Free	281	79	0.19	Web	15	0	0
1727	Female	32	US	Free	59	26	0.33	Web	23	0	0
1728	Female	21	AU	Family	263	1	0.02	Web	0	1	0
1729	Female	40	DE	Free	180	37	0.19	Desktop	45	0	0
1730	Female	59	IN	Free	188	36	0.4	Mobile	16	0	1
1731	Female	45	PK	Free	99	77	0.55	Mobile	6	0	0
1732	Female	38	FR	Premium	290	76	0.38	Web	0	1	0
1733	Other	49	UK	Family	239	93	0.54	Desktop	0	1	0
1734	Female	17	AU	Family	114	40	0.35	Web	0	1	1
1735	Male	19	IN	Student	23	15	0.48	Desktop	0	1	0
1736	Other	39	PK	Free	89	20	0.09	Web	34	0	0
1737	Male	22	DE	Premium	279	20	0.51	Mobile	0	1	0
1738	Other	20	UK	Premium	180	80	0.42	Web	0	1	0
1739	Male	52	CA	Student	154	88	0.39	Mobile	0	1	0
1740	Other	23	UK	Premium	267	84	0.16	Mobile	0	1	0
1741	Male	20	AU	Family	119	63	0.41	Desktop	0	1	0
1742	Female	34	US	Family	167	54	0.01	Mobile	0	1	0
1743	Female	32	FR	Free	111	70	0.18	Web	13	0	0
1744	Female	47	FR	Family	87	30	0.45	Web	0	1	1
1745	Male	26	DE	Free	163	76	0.58	Mobile	36	0	1
1746	Other	59	IN	Premium	283	3	0.37	Mobile	0	1	0
1747	Other	16	PK	Family	90	58	0.15	Mobile	0	1	0
1748	Female	35	UK	Premium	101	27	0.55	Desktop	0	1	1
1749	Female	57	US	Family	64	82	0.5	Mobile	0	1	0
1750	Other	26	UK	Free	137	58	0	Web	28	0	0
1751	Female	20	CA	Family	189	29	0.27	Desktop	0	1	0
1752	Male	27	CA	Student	134	46	0.46	Web	0	1	1
1753	Other	17	IN	Student	173	79	0.41	Mobile	0	1	0
1754	Male	57	UK	Premium	219	73	0.07	Desktop	0	1	0
1755	Female	49	UK	Premium	156	19	0.4	Desktop	0	1	0
1756	Male	45	DE	Student	285	60	0.07	Mobile	0	1	1
1757	Female	57	FR	Family	179	97	0.19	Web	0	1	0
1758	Male	44	AU	Student	12	17	0.5	Web	0	1	0
1759	Male	34	IN	Free	137	18	0.28	Mobile	38	0	0
1760	Other	23	IN	Premium	105	79	0.26	Desktop	0	1	1
1761	Other	36	AU	Free	72	3	0.15	Mobile	48	0	0
1762	Male	34	CA	Premium	171	45	0.15	Web	0	1	0
1763	Other	54	DE	Free	290	91	0.42	Desktop	41	0	1
1764	Other	35	FR	Family	47	29	0.54	Desktop	0	1	0
1765	Female	31	PK	Student	154	47	0.31	Web	0	1	1
1766	Male	50	DE	Free	50	96	0.05	Mobile	33	0	0
1767	Other	17	DE	Student	59	41	0.31	Mobile	0	1	0
1768	Female	49	UK	Student	166	80	0.49	Desktop	0	1	0
1769	Other	21	DE	Family	214	11	0.03	Desktop	0	1	0
1770	Other	46	DE	Premium	157	71	0.52	Desktop	0	1	0
1771	Other	53	UK	Student	38	44	0.15	Web	0	1	0
1772	Female	52	DE	Premium	243	4	0.21	Desktop	0	1	0
1773	Other	35	DE	Student	261	57	0.28	Web	0	1	0
1774	Male	21	UK	Student	113	71	0.5	Web	0	1	1
1775	Other	34	UK	Premium	294	71	0.2	Desktop	0	1	1
1776	Other	33	DE	Student	50	85	0.43	Desktop	0	1	0
1777	Other	26	IN	Student	209	35	0.2	Web	0	1	0
1778	Female	22	US	Premium	274	37	0.05	Web	0	1	0
1779	Male	22	US	Free	156	53	0.06	Web	45	0	0
1780	Female	27	IN	Premium	27	18	0.03	Mobile	0	1	0
1781	Other	37	AU	Free	276	21	0.07	Mobile	20	0	0
1782	Female	29	IN	Family	142	76	0.32	Mobile	0	1	1
1783	Male	28	UK	Premium	277	80	0.16	Mobile	0	1	1
1784	Female	21	US	Free	150	46	0.41	Desktop	18	0	0
1785	Male	46	UK	Premium	169	28	0.15	Mobile	0	1	1
1786	Male	25	CA	Free	52	72	0.18	Desktop	26	0	0
1787	Female	59	DE	Family	72	10	0.36	Web	0	1	1
1788	Female	37	IN	Premium	197	34	0.56	Desktop	0	1	0
1789	Male	55	AU	Family	54	27	0.31	Desktop	0	1	1
1790	Other	57	FR	Free	32	10	0.01	Web	35	0	0
1791	Male	48	IN	Family	216	70	0.23	Desktop	0	1	0
1792	Other	49	IN	Student	155	54	0.42	Desktop	0	1	0
1793	Male	16	DE	Premium	186	52	0.42	Web	0	1	1
1794	Male	46	AU	Free	16	44	0.31	Desktop	26	0	0
1795	Male	47	PK	Free	268	86	0.01	Mobile	9	0	0
1796	Other	36	IN	Free	278	55	0.11	Desktop	27	0	1
1797	Other	34	AU	Premium	233	90	0.42	Web	0	1	0
1798	Other	57	US	Family	172	29	0.41	Web	0	1	0
1799	Other	45	DE	Free	162	85	0.04	Web	43	0	0
1800	Male	52	CA	Family	95	9	0.02	Mobile	0	1	1
1801	Female	24	DE	Family	157	93	0.17	Mobile	0	1	1
1802	Other	24	IN	Student	220	34	0.17	Desktop	0	1	0
1803	Other	29	IN	Premium	296	39	0.43	Desktop	0	1	0
1804	Other	47	DE	Student	66	60	0.13	Desktop	0	1	1
1805	Male	55	US	Premium	170	29	0.29	Mobile	0	1	0
1806	Female	41	AU	Premium	36	67	0.42	Web	0	1	0
1807	Male	57	CA	Family	199	25	0.08	Web	0	1	1
1808	Male	22	AU	Premium	127	31	0.26	Mobile	0	1	1
1809	Male	41	PK	Free	34	66	0.27	Mobile	10	0	1
1810	Male	29	DE	Student	293	60	0.04	Desktop	0	1	0
1811	Male	59	FR	Premium	63	83	0.34	Mobile	0	1	1
1812	Male	17	IN	Premium	101	52	0.12	Web	0	1	0
1813	Male	32	UK	Premium	187	38	0.33	Web	0	1	0
1814	Other	42	DE	Free	131	87	0.09	Mobile	12	0	0
1815	Female	46	FR	Premium	14	37	0.57	Desktop	0	1	0
1816	Other	53	AU	Free	141	87	0.5	Web	47	0	0
1817	Male	16	DE	Family	120	56	0.29	Desktop	0	1	0
1818	Other	19	FR	Free	102	26	0.46	Mobile	44	0	0
1819	Male	51	AU	Free	140	53	0.37	Web	20	0	1
1820	Other	43	IN	Student	171	69	0.37	Mobile	0	1	0
1821	Male	59	CA	Premium	243	62	0.51	Desktop	0	1	0
1822	Female	52	US	Family	119	2	0.21	Mobile	0	1	0
1823	Other	51	PK	Free	263	44	0.45	Web	19	0	0
1824	Female	26	IN	Premium	66	29	0.22	Mobile	0	1	0
1825	Female	26	UK	Family	10	75	0.59	Mobile	0	1	0
1826	Other	20	IN	Family	203	49	0.53	Mobile	0	1	0
1827	Female	33	FR	Student	235	72	0.26	Web	0	1	0
1828	Other	56	UK	Premium	201	42	0.15	Mobile	0	1	0
1829	Male	33	AU	Free	181	81	0.28	Desktop	14	0	0
1830	Male	31	IN	Student	239	16	0.16	Web	0	1	0
1831	Male	58	DE	Premium	10	8	0.59	Desktop	0	1	0
1832	Other	22	US	Free	93	10	0.03	Mobile	12	0	0
1833	Female	48	FR	Premium	183	26	0.32	Desktop	0	1	0
1834	Male	17	AU	Student	234	45	0.01	Web	0	1	0
1835	Other	35	DE	Student	197	30	0.21	Desktop	0	1	0
1836	Other	39	DE	Free	62	15	0.42	Mobile	49	0	0
1837	Male	16	UK	Family	157	20	0.2	Web	0	1	0
1838	Female	48	AU	Student	124	23	0.47	Mobile	0	1	0
1839	Other	42	UK	Premium	64	84	0.19	Desktop	0	1	0
1840	Female	20	AU	Family	276	47	0.57	Mobile	0	1	0
1841	Female	26	PK	Student	40	71	0.21	Desktop	0	1	1
1842	Other	37	US	Premium	226	5	0.08	Desktop	0	1	1
1843	Male	51	PK	Premium	267	11	0.06	Desktop	0	1	0
1844	Male	42	UK	Free	297	12	0.54	Desktop	15	0	0
1845	Female	25	CA	Family	44	80	0.42	Mobile	0	1	0
1846	Male	18	CA	Free	264	52	0.33	Desktop	19	0	0
1847	Male	19	FR	Family	125	65	0.49	Mobile	0	1	0
1848	Female	23	FR	Premium	263	82	0.25	Desktop	0	1	1
1849	Female	17	DE	Free	285	6	0.19	Web	18	0	0
1850	Male	22	CA	Premium	128	26	0.08	Web	0	1	1
1851	Female	20	CA	Free	80	74	0.55	Desktop	49	0	1
1852	Female	30	AU	Student	66	35	0.11	Mobile	0	1	0
1853	Other	31	DE	Student	84	87	0.46	Mobile	0	1	0
1854	Male	17	US	Family	136	98	0.27	Web	0	1	1
1855	Other	28	IN	Student	273	61	0.04	Web	0	1	0
1856	Other	24	PK	Free	297	12	0.39	Desktop	6	0	0
1857	Female	32	FR	Family	96	70	0.21	Web	0	1	0
1858	Female	26	IN	Premium	26	54	0.25	Desktop	0	1	1
1859	Female	42	AU	Premium	29	78	0.21	Web	0	1	0
1860	Male	39	UK	Family	94	80	0.23	Mobile	0	1	0
1861	Other	19	FR	Family	129	97	0.28	Mobile	0	1	1
1862	Other	22	US	Premium	251	30	0.55	Desktop	0	1	1
1863	Other	55	DE	Student	279	90	0.47	Desktop	0	1	0
1864	Male	51	PK	Student	239	36	0.37	Web	0	1	0
1865	Other	42	UK	Family	199	22	0.4	Mobile	0	1	1
1866	Other	35	IN	Premium	45	33	0.53	Mobile	0	1	0
1867	Other	34	CA	Free	84	43	0.31	Mobile	39	0	0
1868	Female	45	AU	Premium	58	36	0.55	Desktop	0	1	1
1869	Male	27	AU	Premium	279	29	0.46	Web	0	1	1
1870	Other	36	CA	Free	287	44	0.07	Mobile	32	0	0
1871	Male	37	IN	Premium	187	74	0.05	Mobile	0	1	0
1872	Other	21	FR	Free	116	84	0.59	Desktop	18	0	1
1873	Female	57	IN	Premium	30	43	0.32	Mobile	0	1	0
1874	Female	56	PK	Student	241	39	0.42	Desktop	0	1	1
1875	Other	58	UK	Premium	282	35	0.45	Desktop	0	1	0
1876	Male	33	PK	Family	33	65	0.28	Web	0	1	0
1877	Male	57	FR	Family	82	96	0.43	Web	0	1	1
1878	Male	37	US	Free	21	40	0.35	Web	36	0	0
1879	Other	51	DE	Student	186	6	0.44	Web	0	1	1
1880	Female	23	UK	Free	19	46	0.34	Web	13	0	0
1881	Male	56	US	Student	85	80	0.14	Desktop	0	1	0
1882	Other	54	DE	Student	278	57	0.21	Desktop	0	1	0
1883	Male	43	FR	Premium	88	35	0.36	Desktop	0	1	1
1884	Other	22	IN	Premium	245	42	0.28	Desktop	0	1	0
1885	Male	47	CA	Student	139	33	0.19	Desktop	0	1	0
1886	Other	45	FR	Student	151	39	0.25	Web	0	1	0
1887	Male	18	US	Free	165	21	0.05	Web	43	0	0
1888	Other	56	DE	Family	146	64	0.16	Mobile	0	1	0
1889	Other	55	DE	Free	252	52	0.25	Desktop	49	0	1
1890	Male	48	AU	Family	206	7	0.27	Web	0	1	0
1891	Male	22	US	Free	200	64	0.32	Web	42	0	0
1892	Male	28	AU	Student	71	18	0.42	Desktop	0	1	0
1893	Other	45	AU	Family	171	44	0.43	Web	0	1	0
1894	Other	58	IN	Premium	26	55	0.59	Web	0	1	0
1895	Other	31	DE	Premium	236	19	0.24	Mobile	0	1	1
1896	Other	42	PK	Free	136	25	0.05	Mobile	9	0	0
1897	Other	58	AU	Free	164	54	0.58	Web	24	0	0
1898	Male	48	CA	Premium	169	26	0.12	Desktop	0	1	0
1899	Female	58	AU	Family	285	94	0.57	Desktop	0	1	1
1900	Male	38	DE	Free	105	25	0.21	Mobile	27	0	1
1901	Other	18	FR	Premium	217	87	0.39	Web	0	1	0
1902	Male	28	US	Premium	204	40	0.2	Web	0	1	1
1903	Male	44	FR	Premium	107	4	0.53	Web	0	1	1
1904	Other	37	US	Student	15	31	0.14	Mobile	0	1	0
1905	Other	18	US	Premium	200	65	0	Mobile	0	1	1
1906	Other	19	IN	Free	118	25	0.58	Desktop	48	0	0
1907	Male	24	AU	Family	170	23	0.18	Desktop	0	1	0
1908	Female	43	AU	Student	264	27	0.56	Desktop	0	1	1
1909	Other	16	IN	Family	113	68	0.24	Web	0	1	0
1910	Other	20	DE	Student	262	86	0.34	Web	0	1	1
1911	Female	22	IN	Free	251	18	0.36	Desktop	15	0	0
1912	Other	43	DE	Student	71	84	0.47	Desktop	0	1	1
1913	Other	27	CA	Premium	133	20	0.05	Web	0	1	0
1914	Male	38	AU	Family	164	41	0.42	Mobile	0	1	1
1915	Female	31	IN	Free	13	8	0.33	Mobile	26	0	0
1916	Other	29	PK	Free	227	31	0.58	Mobile	6	0	0
1917	Other	59	DE	Free	286	55	0	Mobile	29	0	0
1918	Other	34	PK	Student	267	70	0.39	Desktop	0	1	0
1919	Male	24	PK	Family	276	46	0.16	Desktop	0	1	0
1920	Other	37	IN	Premium	46	80	0.52	Mobile	0	1	0
1921	Male	30	UK	Student	79	1	0.16	Web	0	1	0
1922	Other	27	US	Free	93	68	0.39	Desktop	36	0	0
1923	Female	40	UK	Premium	27	48	0.41	Mobile	0	1	1
1924	Male	50	UK	Free	133	12	0.27	Web	15	0	0
1925	Male	41	US	Family	210	86	0.03	Mobile	0	1	0
1926	Male	31	AU	Premium	229	15	0.3	Desktop	0	1	0
1927	Other	29	DE	Free	175	13	0.42	Mobile	9	0	1
1928	Male	31	CA	Student	285	5	0.04	Web	0	1	0
1929	Other	19	UK	Premium	13	70	0.59	Mobile	0	1	0
1930	Other	33	FR	Family	49	89	0.27	Desktop	0	1	0
1931	Female	30	CA	Family	193	57	0.39	Mobile	0	1	0
1932	Other	34	PK	Free	248	15	0.01	Desktop	19	0	0
1933	Female	18	US	Free	151	33	0.45	Web	14	0	1
1934	Male	26	PK	Free	151	33	0.09	Web	41	0	0
1935	Male	26	FR	Student	29	32	0.26	Mobile	0	1	0
1936	Male	51	US	Family	126	63	0.39	Desktop	0	1	0
1937	Other	24	DE	Family	93	59	0.03	Web	0	1	0
1938	Female	54	FR	Free	101	91	0.17	Mobile	11	0	0
1939	Other	50	AU	Family	26	34	0.17	Desktop	0	1	1
1940	Male	59	CA	Free	97	2	0.56	Desktop	9	0	0
1941	Female	26	US	Free	252	81	0.39	Web	6	0	1
1942	Female	55	PK	Student	271	21	0.03	Web	0	1	0
1943	Other	36	CA	Family	140	35	0.37	Web	0	1	1
1944	Other	35	UK	Family	235	99	0.45	Desktop	0	1	1
1945	Other	19	US	Family	34	78	0.36	Mobile	0	1	0
1946	Male	27	DE	Premium	75	13	0.46	Desktop	0	1	1
1947	Male	47	CA	Student	156	38	0.37	Mobile	0	1	0
1948	Female	47	CA	Premium	107	3	0.15	Desktop	0	1	0
1949	Other	40	UK	Student	18	84	0.26	Desktop	0	1	0
1950	Male	25	US	Student	213	76	0.42	Mobile	0	1	0
1951	Female	29	CA	Free	223	89	0.24	Desktop	16	0	0
1952	Female	21	IN	Free	286	35	0.55	Desktop	13	0	0
1953	Male	38	DE	Family	31	48	0.23	Web	0	1	0
1954	Female	46	CA	Premium	151	71	0.36	Mobile	0	1	0
1955	Male	47	UK	Free	243	87	0.27	Desktop	37	0	0
1956	Other	51	CA	Premium	14	5	0.47	Mobile	0	1	0
1957	Female	52	AU	Student	225	46	0.15	Desktop	0	1	0
1958	Other	59	FR	Premium	30	42	0.19	Desktop	0	1	0
1959	Female	43	US	Free	294	20	0.46	Desktop	46	0	0
1960	Female	24	UK	Student	192	98	0.44	Desktop	0	1	0
1961	Female	30	UK	Free	217	12	0.07	Mobile	36	0	0
1962	Male	45	CA	Free	241	12	0.14	Web	5	0	0
1963	Female	46	AU	Family	178	24	0.29	Web	0	1	0
1964	Other	36	DE	Premium	211	36	0.19	Desktop	0	1	1
1965	Other	50	IN	Premium	260	7	0.09	Web	0	1	0
1966	Other	37	CA	Free	189	77	0.05	Desktop	39	0	0
1967	Female	50	AU	Free	236	43	0.3	Web	31	0	0
1968	Male	26	FR	Free	181	52	0.48	Mobile	36	0	0
1969	Male	24	US	Student	118	18	0.5	Web	0	1	0
1970	Other	46	AU	Premium	124	64	0.11	Desktop	0	1	0
1971	Female	52	PK	Student	175	28	0.16	Web	0	1	1
1972	Female	53	UK	Premium	138	66	0.03	Web	0	1	0
1973	Other	56	FR	Free	258	53	0.48	Desktop	24	0	1
1974	Male	39	DE	Family	130	36	0.58	Desktop	0	1	0
1975	Other	30	IN	Family	179	48	0.18	Mobile	0	1	0
1976	Other	23	AU	Student	161	9	0.43	Desktop	0	1	0
1977	Female	39	CA	Free	51	11	0.56	Mobile	23	0	1
1978	Female	55	FR	Premium	248	74	0.52	Web	0	1	0
1979	Male	28	FR	Premium	213	89	0.28	Web	0	1	0
1980	Male	31	CA	Family	169	64	0.31	Web	0	1	1
1981	Male	46	UK	Family	168	5	0.49	Mobile	0	1	1
1982	Other	20	FR	Family	133	5	0.12	Web	0	1	0
1983	Female	50	US	Premium	203	71	0.34	Web	0	1	1
1984	Male	55	FR	Premium	176	91	0.2	Desktop	0	1	0
1985	Male	40	UK	Premium	136	72	0.52	Desktop	0	1	0
1986	Other	54	DE	Premium	198	68	0.29	Web	0	1	0
1987	Male	19	DE	Family	125	42	0.5	Mobile	0	1	0
1988	Female	40	AU	Family	62	48	0.02	Mobile	0	1	0
1989	Female	41	PK	Family	284	52	0.1	Web	0	1	0
1990	Other	22	US	Family	72	7	0.5	Mobile	0	1	0
1991	Female	19	AU	Student	163	36	0.1	Web	0	1	1
1992	Male	20	CA	Free	107	12	0.44	Web	30	0	0
1993	Other	50	AU	Family	90	50	0.15	Mobile	0	1	1
1994	Other	36	FR	Student	160	67	0.46	Desktop	0	1	0
1995	Other	34	DE	Family	112	34	0.25	Desktop	0	1	0
1996	Male	56	DE	Family	123	96	0.42	Web	0	1	1
1997	Male	51	US	Student	42	21	0.03	Mobile	0	1	0
1998	Male	36	DE	Student	30	18	0.05	Desktop	0	1	0
1999	Male	50	UK	Premium	151	8	0.27	Mobile	0	1	0
2000	Female	28	CA	Free	133	23	0.42	Desktop	21	0	0
2001	Other	34	FR	Family	297	36	0.39	Mobile	0	1	0
2002	Other	17	FR	Premium	229	59	0.52	Mobile	0	1	0
2003	Female	49	PK	Family	123	99	0.03	Desktop	0	1	0
2004	Male	44	DE	Student	85	25	0.38	Web	0	1	0
2005	Other	34	FR	Student	258	18	0.04	Desktop	0	1	0
2006	Other	40	PK	Student	92	24	0.04	Mobile	0	1	0
2007	Other	51	US	Student	236	49	0.6	Mobile	0	1	1
2008	Male	47	PK	Premium	289	56	0.34	Desktop	0	1	0
2009	Male	38	DE	Student	203	32	0.08	Desktop	0	1	0
2010	Female	20	IN	Free	171	1	0.6	Mobile	20	0	1
2011	Female	58	PK	Free	146	92	0.2	Mobile	16	0	0
2012	Male	30	AU	Family	131	42	0.19	Web	0	1	0
2013	Other	36	CA	Family	223	81	0.02	Mobile	0	1	0
2014	Male	58	IN	Student	173	26	0.06	Desktop	0	1	1
2015	Female	26	FR	Free	183	98	0.49	Web	30	0	0
2016	Male	29	PK	Student	96	93	0.11	Desktop	0	1	0
2017	Female	30	US	Family	44	38	0.22	Web	0	1	0
2018	Female	21	FR	Family	194	46	0.15	Desktop	0	1	0
2019	Other	29	US	Family	116	45	0.07	Desktop	0	1	1
2020	Other	34	PK	Student	42	89	0.6	Web	0	1	0
2021	Female	27	DE	Family	52	50	0.36	Web	0	1	0
2022	Female	20	DE	Student	37	93	0.08	Web	0	1	0
2023	Other	29	UK	Family	118	25	0.12	Desktop	0	1	0
2024	Other	23	DE	Free	223	18	0.48	Desktop	9	0	0
2025	Male	28	PK	Premium	79	2	0.27	Mobile	0	1	0
2026	Male	59	DE	Premium	155	41	0.16	Web	0	1	0
2027	Male	25	PK	Student	99	51	0.14	Mobile	0	1	1
2028	Female	45	IN	Free	43	97	0.53	Desktop	28	0	0
2029	Male	35	IN	Student	65	67	0.27	Mobile	0	1	0
2030	Other	37	IN	Premium	89	82	0.35	Web	0	1	0
2031	Male	41	PK	Student	283	6	0.31	Web	0	1	0
2032	Other	56	CA	Premium	33	85	0.38	Desktop	0	1	0
2033	Other	41	PK	Student	117	86	0.06	Web	0	1	1
2034	Other	18	DE	Family	96	21	0.24	Desktop	0	1	1
2035	Male	39	CA	Family	20	43	0.56	Mobile	0	1	0
2036	Female	28	FR	Family	203	95	0.09	Mobile	0	1	0
2037	Female	47	UK	Student	244	14	0.42	Desktop	0	1	1
2038	Other	58	PK	Family	97	85	0.45	Web	0	1	0
2039	Female	45	US	Family	169	74	0.54	Web	0	1	0
2040	Other	40	UK	Student	147	22	0.43	Desktop	0	1	1
2041	Other	24	IN	Student	247	38	0.17	Mobile	0	1	0
2042	Female	44	US	Premium	25	80	0.49	Desktop	0	1	0
2043	Other	57	PK	Student	145	18	0.53	Desktop	0	1	0
2044	Male	49	PK	Premium	30	3	0.24	Mobile	0	1	0
2045	Female	29	DE	Family	22	71	0.1	Mobile	0	1	1
2046	Other	37	UK	Student	100	46	0.02	Desktop	0	1	1
2047	Female	25	PK	Free	49	9	0.45	Mobile	6	0	0
2048	Male	53	US	Premium	75	63	0.03	Desktop	0	1	0
2049	Other	20	IN	Student	272	46	0.1	Mobile	0	1	0
2050	Other	17	AU	Free	99	19	0.28	Desktop	6	0	0
2051	Other	33	PK	Family	92	8	0.53	Web	0	1	1
2052	Female	55	CA	Free	65	13	0.54	Web	44	0	0
2053	Other	26	AU	Premium	61	94	0.27	Web	0	1	0
2054	Other	49	DE	Free	199	10	0.11	Desktop	22	0	1
2055	Other	28	PK	Free	125	56	0.5	Desktop	23	0	1
2056	Other	32	PK	Student	244	59	0.47	Mobile	0	1	1
2057	Male	54	CA	Family	127	87	0.47	Mobile	0	1	0
2058	Other	57	CA	Free	187	90	0.18	Mobile	16	0	0
2059	Female	43	CA	Free	290	70	0.33	Desktop	48	0	0
2060	Other	39	FR	Premium	199	34	0.12	Desktop	0	1	0
2061	Female	18	DE	Student	185	32	0.01	Mobile	0	1	0
2062	Female	35	IN	Free	234	29	0.15	Mobile	25	0	0
2063	Other	53	AU	Free	144	76	0.02	Desktop	38	0	0
2064	Female	58	US	Premium	159	6	0.05	Web	0	1	0
2065	Female	56	CA	Family	144	64	0.1	Web	0	1	0
2066	Other	59	CA	Family	84	39	0.28	Mobile	0	1	0
2067	Female	59	IN	Family	260	52	0.2	Web	0	1	0
2068	Female	42	CA	Student	170	87	0.53	Web	0	1	0
2069	Male	29	PK	Free	79	40	0.12	Desktop	8	0	1
2070	Female	36	FR	Free	231	63	0.28	Mobile	14	0	1
2071	Female	42	DE	Premium	165	63	0.47	Mobile	0	1	1
2072	Other	53	DE	Free	232	10	0.15	Desktop	38	0	0
2073	Female	26	FR	Student	296	6	0.35	Desktop	0	1	0
2074	Other	50	US	Family	284	27	0.54	Web	0	1	1
2075	Female	57	US	Premium	234	34	0.59	Desktop	0	1	0
2076	Other	54	US	Free	73	86	0.07	Mobile	41	0	0
2077	Male	16	PK	Family	159	66	0.07	Desktop	0	1	1
2078	Female	16	DE	Premium	25	28	0.57	Web	0	1	0
2079	Female	44	CA	Family	116	19	0.43	Desktop	0	1	1
2080	Male	36	CA	Student	77	34	0.44	Web	0	1	0
2081	Female	20	PK	Premium	272	56	0.27	Desktop	0	1	0
2082	Male	45	FR	Student	150	98	0.48	Mobile	0	1	1
2083	Female	53	CA	Free	52	20	0.37	Mobile	42	0	0
2084	Female	17	PK	Student	256	75	0.54	Mobile	0	1	0
2085	Other	53	IN	Student	67	35	0.53	Web	0	1	0
2086	Female	20	UK	Student	48	47	0.27	Mobile	0	1	0
2087	Female	31	US	Free	89	43	0.11	Web	40	0	0
2088	Male	56	US	Family	239	12	0.48	Web	0	1	0
2089	Other	48	US	Free	179	57	0.19	Web	17	0	0
2090	Other	20	DE	Family	208	44	0.36	Web	0	1	0
2091	Other	43	CA	Family	118	80	0.03	Desktop	0	1	0
2092	Male	42	UK	Premium	49	1	0.56	Desktop	0	1	0
2093	Other	23	DE	Premium	293	70	0.08	Web	0	1	0
2094	Female	55	FR	Student	195	13	0.49	Mobile	0	1	1
2095	Female	33	DE	Free	267	91	0.3	Web	43	0	1
2096	Female	27	AU	Free	219	50	0.42	Mobile	16	0	0
2097	Female	22	UK	Free	67	43	0.57	Mobile	13	0	0
2098	Female	19	IN	Student	87	19	0.03	Mobile	0	1	0
2099	Female	50	PK	Free	68	70	0.01	Web	44	0	0
2100	Other	22	AU	Premium	123	41	0.49	Desktop	0	1	0
2101	Other	34	FR	Family	152	23	0.38	Web	0	1	1
2102	Male	44	IN	Premium	255	97	0.09	Mobile	0	1	1
2103	Female	38	UK	Family	181	35	0.57	Mobile	0	1	0
2104	Male	18	IN	Student	141	42	0.57	Mobile	0	1	0
2105	Male	23	IN	Free	137	24	0.21	Mobile	26	0	0
2106	Male	18	IN	Student	119	50	0.5	Desktop	0	1	0
2107	Other	56	PK	Student	55	1	0.19	Mobile	0	1	1
2108	Female	57	PK	Premium	216	25	0.53	Web	0	1	0
2109	Other	23	PK	Student	37	18	0.36	Mobile	0	1	0
2110	Male	33	AU	Free	197	43	0.26	Web	47	0	0
2111	Other	24	FR	Free	86	13	0.33	Web	28	0	0
2112	Female	56	AU	Family	283	48	0.41	Mobile	0	1	0
2113	Male	18	UK	Premium	240	16	0.35	Desktop	0	1	0
2114	Other	31	DE	Student	199	58	0.08	Desktop	0	1	1
2115	Female	47	IN	Family	191	75	0.04	Mobile	0	1	0
2116	Other	47	AU	Premium	74	62	0.47	Desktop	0	1	0
2117	Other	25	UK	Family	194	91	0.17	Mobile	0	1	1
2118	Female	37	AU	Family	298	78	0.6	Desktop	0	1	0
2119	Other	37	UK	Premium	113	30	0.17	Desktop	0	1	0
2120	Male	38	US	Free	157	57	0.4	Desktop	40	0	1
2121	Female	29	FR	Premium	141	42	0.01	Desktop	0	1	0
2122	Male	16	PK	Free	52	33	0.5	Web	25	0	0
2123	Male	19	UK	Free	215	33	0	Web	20	0	0
2124	Male	21	UK	Premium	118	87	0.27	Web	0	1	0
2125	Other	41	UK	Student	110	47	0.05	Mobile	0	1	0
2126	Male	16	FR	Family	91	78	0.37	Mobile	0	1	1
2127	Female	46	UK	Family	82	65	0.26	Desktop	0	1	0
2128	Male	48	IN	Student	108	49	0.25	Desktop	0	1	0
2129	Male	39	FR	Premium	57	92	0.52	Desktop	0	1	0
2130	Female	30	FR	Premium	267	80	0.21	Mobile	0	1	0
2131	Other	58	UK	Premium	227	7	0.34	Desktop	0	1	0
2132	Female	45	PK	Premium	172	60	0.06	Desktop	0	1	1
2133	Female	18	US	Premium	21	49	0.01	Desktop	0	1	0
2134	Female	25	CA	Student	41	62	0.34	Desktop	0	1	0
2135	Male	22	CA	Free	30	31	0.4	Desktop	12	0	1
2136	Male	29	UK	Premium	257	43	0.53	Mobile	0	1	0
2137	Male	19	US	Free	292	75	0.23	Web	11	0	0
2138	Other	33	FR	Family	138	39	0.29	Mobile	0	1	1
2139	Female	35	FR	Student	236	51	0.55	Web	0	1	0
2140	Male	43	FR	Premium	79	64	0.38	Web	0	1	1
2141	Female	19	FR	Free	157	25	0.49	Mobile	25	0	1
2142	Female	19	PK	Premium	279	13	0.35	Web	0	1	0
2143	Male	47	FR	Free	189	77	0.3	Desktop	39	0	0
2144	Female	57	AU	Student	223	18	0.35	Desktop	0	1	0
2145	Male	39	DE	Student	114	71	0.4	Mobile	0	1	0
2146	Female	54	US	Free	99	95	0.22	Desktop	27	0	0
2147	Male	42	DE	Family	298	60	0.34	Mobile	0	1	0
2148	Female	49	DE	Free	256	7	0.11	Web	5	0	0
2149	Male	48	FR	Free	30	82	0.11	Desktop	16	0	1
2150	Male	28	PK	Free	125	82	0.37	Mobile	39	0	1
2151	Male	22	DE	Premium	261	68	0.56	Web	0	1	0
2152	Female	41	IN	Student	17	47	0.14	Web	0	1	0
2153	Male	49	DE	Premium	131	55	0.5	Desktop	0	1	1
2154	Male	45	DE	Premium	83	25	0.14	Web	0	1	0
2155	Female	47	IN	Student	177	52	0.44	Web	0	1	0
2156	Male	59	IN	Student	165	76	0.1	Web	0	1	1
2157	Female	28	AU	Premium	210	34	0.27	Web	0	1	0
2158	Male	44	CA	Student	261	77	0.28	Web	0	1	0
2159	Male	26	CA	Family	291	43	0.06	Web	0	1	1
2160	Male	50	CA	Family	176	78	0.11	Web	0	1	1
2161	Male	50	UK	Student	102	20	0.41	Mobile	0	1	0
2162	Female	41	PK	Free	107	57	0.27	Web	41	0	1
2163	Other	58	US	Premium	182	45	0.14	Web	0	1	0
2164	Other	48	US	Free	167	54	0.48	Desktop	7	0	1
2165	Other	39	AU	Student	246	57	0.08	Desktop	0	1	1
2166	Female	44	US	Free	185	64	0.45	Mobile	15	0	0
2167	Female	21	FR	Premium	86	42	0.56	Web	0	1	0
2168	Female	59	AU	Premium	265	61	0.3	Web	0	1	0
2169	Female	51	UK	Student	114	56	0.36	Desktop	0	1	0
2170	Other	17	DE	Free	240	65	0.54	Web	7	0	0
2171	Female	20	UK	Free	181	33	0.07	Web	38	0	0
2172	Female	23	FR	Premium	226	19	0.57	Web	0	1	0
2173	Male	36	PK	Free	145	73	0.38	Web	47	0	1
2174	Male	58	FR	Free	133	77	0.03	Desktop	8	0	1
2175	Female	45	IN	Student	115	3	0.18	Web	0	1	0
2176	Female	17	AU	Family	184	93	0.15	Mobile	0	1	0
2177	Other	24	CA	Free	41	48	0.18	Desktop	33	0	0
2178	Other	17	CA	Premium	288	93	0.17	Desktop	0	1	0
2179	Female	49	FR	Family	162	37	0.1	Desktop	0	1	1
2180	Other	53	UK	Free	240	47	0.56	Web	8	0	1
2181	Female	41	US	Family	192	54	0.31	Desktop	0	1	1
2182	Male	59	PK	Free	106	8	0.21	Desktop	9	0	0
2183	Other	27	FR	Free	88	7	0.2	Web	45	0	0
2184	Female	22	UK	Student	19	13	0.53	Web	0	1	0
2185	Female	39	CA	Family	269	18	0.23	Desktop	0	1	1
2186	Male	53	DE	Free	174	78	0.56	Web	44	0	0
2187	Male	29	IN	Student	153	51	0.3	Mobile	0	1	1
2188	Male	21	AU	Free	113	78	0.25	Desktop	19	0	1
2189	Female	31	IN	Student	211	48	0.24	Mobile	0	1	0
2190	Other	16	UK	Student	14	75	0.36	Web	0	1	0
2191	Female	57	CA	Student	201	36	0.09	Desktop	0	1	0
2192	Male	49	CA	Free	162	34	0.35	Mobile	42	0	0
2193	Male	17	AU	Family	298	44	0.33	Mobile	0	1	0
2194	Other	54	FR	Family	167	73	0.31	Desktop	0	1	0
2195	Female	25	DE	Family	80	22	0.18	Mobile	0	1	0
2196	Female	57	IN	Premium	194	55	0.01	Mobile	0	1	0
2197	Other	32	DE	Student	141	82	0.2	Desktop	0	1	0
2198	Other	45	CA	Free	91	28	0.43	Web	26	0	0
2199	Male	34	PK	Student	20	91	0.11	Web	0	1	0
2200	Female	58	AU	Premium	250	78	0.19	Desktop	0	1	0
2201	Female	56	FR	Student	166	40	0.03	Desktop	0	1	0
2202	Other	38	UK	Premium	149	98	0.46	Web	0	1	0
2203	Female	49	AU	Family	17	85	0.46	Mobile	0	1	1
2204	Female	24	UK	Premium	128	59	0.15	Web	0	1	0
2205	Other	59	US	Premium	129	48	0.21	Desktop	0	1	0
2206	Male	45	FR	Free	136	37	0.4	Desktop	5	0	0
2207	Male	41	PK	Family	130	88	0.51	Mobile	0	1	1
2208	Female	34	DE	Student	179	96	0.54	Mobile	0	1	0
2209	Female	27	UK	Family	43	61	0.07	Web	0	1	0
2210	Female	58	PK	Free	260	49	0.11	Mobile	34	0	0
2211	Other	47	IN	Student	64	52	0.55	Web	0	1	0
2212	Other	47	AU	Free	58	17	0.42	Desktop	46	0	0
2213	Other	55	FR	Student	276	78	0.1	Desktop	0	1	1
2214	Other	16	UK	Premium	130	80	0.51	Desktop	0	1	0
2215	Male	42	FR	Student	53	72	0.5	Web	0	1	1
2216	Female	21	CA	Premium	184	22	0.4	Mobile	0	1	0
2217	Other	22	UK	Family	209	21	0.56	Web	0	1	0
2218	Female	23	DE	Free	168	18	0.46	Web	6	0	0
2219	Female	55	AU	Student	27	20	0.44	Web	0	1	1
2220	Other	33	PK	Student	54	63	0.02	Web	0	1	1
2221	Other	57	IN	Free	22	80	0.6	Mobile	22	0	0
2222	Male	33	FR	Premium	87	83	0.46	Desktop	0	1	0
2223	Other	42	PK	Family	198	71	0.44	Mobile	0	1	0
2224	Female	48	FR	Family	252	34	0.48	Desktop	0	1	0
2225	Male	43	US	Family	50	19	0.38	Desktop	0	1	0
2226	Female	39	FR	Student	171	18	0.04	Web	0	1	1
2227	Female	22	UK	Free	175	78	0.38	Mobile	31	0	0
2228	Other	34	PK	Family	213	79	0.51	Mobile	0	1	1
2229	Male	28	IN	Family	83	38	0.27	Desktop	0	1	0
2230	Female	17	CA	Student	235	73	0.03	Mobile	0	1	0
2231	Male	30	FR	Premium	276	30	0.17	Web	0	1	1
2232	Male	16	CA	Student	229	13	0.59	Desktop	0	1	1
2233	Other	16	FR	Free	94	39	0.08	Desktop	35	0	0
2234	Male	34	UK	Premium	201	41	0.44	Desktop	0	1	1
2235	Male	57	PK	Premium	90	86	0.56	Web	0	1	0
2236	Male	42	AU	Student	77	13	0	Web	0	1	0
2237	Other	37	CA	Free	94	91	0.02	Desktop	10	0	0
2238	Other	31	CA	Student	166	84	0.49	Mobile	0	1	0
2239	Female	40	DE	Premium	235	43	0.57	Web	0	1	0
2240	Other	37	UK	Student	105	70	0.15	Mobile	0	1	0
2241	Female	56	IN	Premium	97	56	0.42	Desktop	0	1	0
2242	Female	46	DE	Student	168	81	0.09	Mobile	0	1	0
2243	Female	25	IN	Free	19	52	0.35	Desktop	17	0	0
2244	Female	28	PK	Free	294	60	0.39	Web	18	0	0
2245	Other	23	US	Free	137	5	0.38	Desktop	16	0	0
2246	Other	54	DE	Free	161	31	0.39	Desktop	46	0	0
2247	Female	35	DE	Premium	253	62	0.21	Mobile	0	1	0
2248	Female	44	UK	Premium	221	99	0.29	Web	0	1	1
2249	Other	50	PK	Student	31	83	0.1	Web	0	1	0
2250	Male	32	FR	Student	170	40	0.21	Desktop	0	1	0
2251	Female	51	FR	Student	213	72	0.11	Desktop	0	1	0
2252	Male	58	IN	Free	163	86	0.05	Mobile	45	0	1
2253	Male	28	IN	Premium	175	29	0.58	Web	0	1	1
2254	Male	27	IN	Free	155	25	0.38	Web	16	0	0
2255	Female	54	FR	Family	136	86	0.55	Web	0	1	1
2256	Male	42	UK	Premium	48	79	0.22	Desktop	0	1	0
2257	Other	48	PK	Free	141	34	0.1	Web	45	0	0
2258	Female	28	US	Family	33	10	0.2	Mobile	0	1	0
2259	Male	39	FR	Student	290	89	0.4	Desktop	0	1	0
2260	Other	49	DE	Student	50	49	0.21	Web	0	1	0
2261	Female	36	US	Family	266	97	0.4	Web	0	1	0
2262	Male	20	FR	Student	294	20	0.14	Web	0	1	0
2263	Female	39	CA	Premium	194	7	0.22	Web	0	1	1
2264	Male	20	UK	Premium	260	99	0.34	Desktop	0	1	0
2265	Male	59	FR	Student	283	28	0.18	Desktop	0	1	0
2266	Male	59	CA	Student	135	91	0.43	Mobile	0	1	0
2267	Male	38	AU	Student	28	70	0.2	Web	0	1	0
2268	Female	47	US	Premium	45	60	0.36	Desktop	0	1	0
2269	Male	21	AU	Family	234	61	0.46	Mobile	0	1	0
2270	Female	24	DE	Family	270	49	0.23	Web	0	1	0
2271	Male	41	PK	Premium	120	97	0.16	Mobile	0	1	0
2272	Female	59	DE	Student	229	96	0.09	Desktop	0	1	1
2273	Female	42	IN	Family	126	3	0.55	Web	0	1	0
2274	Female	31	IN	Premium	172	41	0.08	Web	0	1	0
2275	Other	20	IN	Premium	166	75	0.22	Desktop	0	1	0
2276	Male	53	FR	Family	49	83	0.55	Web	0	1	0
2277	Female	46	FR	Free	279	7	0.05	Desktop	30	0	0
2278	Male	59	CA	Free	235	71	0.45	Desktop	42	0	0
2279	Female	46	FR	Free	91	1	0.49	Web	42	0	0
2280	Female	38	FR	Premium	215	4	0.37	Mobile	0	1	1
2281	Female	24	UK	Family	175	54	0.51	Mobile	0	1	1
2282	Male	32	CA	Premium	182	77	0.34	Web	0	1	0
2283	Other	30	PK	Free	86	50	0.16	Web	42	0	1
2284	Male	25	FR	Family	189	93	0.58	Desktop	0	1	0
2285	Other	32	DE	Free	77	43	0.1	Web	37	0	1
2286	Female	36	US	Free	71	8	0.18	Desktop	7	0	1
2287	Male	51	AU	Family	235	30	0.44	Mobile	0	1	1
2288	Female	32	DE	Student	295	24	0.24	Web	0	1	0
2289	Female	24	US	Family	105	52	0.34	Desktop	0	1	0
2290	Female	24	IN	Student	32	95	0.49	Desktop	0	1	0
2291	Female	48	CA	Family	183	15	0.38	Desktop	0	1	0
2292	Other	27	DE	Premium	86	9	0.4	Mobile	0	1	1
2293	Other	35	UK	Premium	163	85	0.19	Web	0	1	0
2294	Other	51	FR	Free	46	70	0.3	Desktop	46	0	0
2295	Female	40	FR	Premium	146	91	0.5	Web	0	1	1
2296	Female	21	AU	Free	121	92	0.31	Mobile	18	0	0
2297	Female	46	DE	Free	119	87	0.55	Web	26	0	1
2298	Female	40	CA	Free	45	36	0.21	Mobile	33	0	0
2299	Other	42	AU	Free	47	35	0.25	Desktop	14	0	0
2300	Male	58	US	Family	50	79	0.23	Desktop	0	1	0
2301	Female	51	IN	Premium	273	88	0.54	Web	0	1	0
2302	Other	53	IN	Premium	147	19	0.49	Mobile	0	1	0
2303	Other	22	AU	Student	51	39	0.28	Web	0	1	1
2304	Other	45	DE	Premium	13	34	0.05	Desktop	0	1	0
2305	Other	22	US	Free	158	50	0.08	Mobile	14	0	1
2306	Female	44	PK	Premium	46	26	0.23	Mobile	0	1	0
2307	Male	31	DE	Family	37	72	0.09	Web	0	1	0
2308	Male	44	DE	Family	246	21	0.05	Web	0	1	0
2309	Female	52	PK	Student	238	98	0.32	Mobile	0	1	0
2310	Female	24	AU	Student	198	18	0.29	Desktop	0	1	1
2311	Other	30	US	Premium	129	12	0.01	Desktop	0	1	0
2312	Female	34	CA	Family	297	62	0.45	Web	0	1	0
2313	Male	32	CA	Student	281	33	0.49	Mobile	0	1	0
2314	Female	58	US	Premium	120	74	0.27	Web	0	1	0
2315	Female	39	DE	Family	113	51	0.53	Web	0	1	0
2316	Female	43	UK	Free	288	22	0.53	Web	49	0	1
2317	Other	27	AU	Premium	198	42	0.06	Desktop	0	1	0
2318	Other	23	US	Premium	228	88	0.07	Desktop	0	1	0
2319	Female	36	US	Family	44	61	0.31	Mobile	0	1	1
2320	Male	47	FR	Student	203	3	0.4	Web	0	1	0
2321	Male	49	DE	Premium	272	39	0.01	Mobile	0	1	0
2322	Other	30	AU	Free	273	28	0.29	Web	35	0	0
2323	Female	49	IN	Family	137	23	0.19	Desktop	0	1	0
2324	Other	53	US	Premium	127	75	0.39	Desktop	0	1	1
2325	Male	40	IN	Student	13	71	0.32	Mobile	0	1	0
2326	Male	57	DE	Family	18	33	0.17	Desktop	0	1	0
2327	Male	50	UK	Family	150	71	0.02	Desktop	0	1	0
2328	Female	57	PK	Student	140	3	0.02	Desktop	0	1	0
2329	Other	33	US	Free	28	3	0.37	Web	46	0	0
2330	Male	39	PK	Free	53	1	0.34	Web	5	0	0
2331	Male	51	UK	Premium	290	95	0.09	Mobile	0	1	0
2332	Other	44	CA	Family	214	92	0.18	Desktop	0	1	0
2333	Male	47	IN	Student	170	35	0.47	Web	0	1	0
2334	Other	53	UK	Student	202	65	0.18	Desktop	0	1	1
2335	Male	55	DE	Student	250	93	0.45	Desktop	0	1	0
2336	Other	47	AU	Family	159	81	0.06	Desktop	0	1	1
2337	Male	49	FR	Premium	165	62	0.27	Web	0	1	0
2338	Other	22	FR	Premium	118	95	0.48	Desktop	0	1	1
2339	Other	31	US	Premium	91	8	0.56	Desktop	0	1	0
2340	Other	32	FR	Free	72	70	0.47	Web	46	0	0
2341	Female	48	UK	Premium	188	32	0.03	Desktop	0	1	1
2342	Female	17	FR	Student	172	52	0.32	Mobile	0	1	0
2343	Female	42	CA	Student	30	90	0.27	Mobile	0	1	0
2344	Male	22	UK	Premium	49	38	0.11	Desktop	0	1	0
2345	Male	32	FR	Free	128	14	0.35	Web	7	0	0
2346	Male	26	US	Premium	119	11	0.27	Mobile	0	1	0
2347	Female	45	PK	Premium	80	28	0.37	Web	0	1	0
2348	Female	38	CA	Student	84	86	0.38	Mobile	0	1	0
2349	Female	38	AU	Student	87	88	0.4	Web	0	1	0
2350	Other	41	AU	Family	22	72	0.11	Mobile	0	1	0
2351	Male	24	PK	Student	199	90	0.55	Web	0	1	0
2352	Male	35	AU	Student	163	97	0.53	Web	0	1	0
2353	Other	23	IN	Family	92	40	0.42	Mobile	0	1	0
2354	Female	27	DE	Free	252	11	0.35	Web	28	0	0
2355	Male	18	US	Free	124	35	0.45	Web	28	0	1
2356	Female	55	FR	Student	271	29	0.07	Desktop	0	1	1
2357	Male	21	US	Premium	26	96	0.24	Web	0	1	0
2358	Male	48	CA	Student	50	33	0.1	Mobile	0	1	0
2359	Female	20	IN	Free	275	40	0.15	Desktop	47	0	0
2360	Female	32	AU	Family	175	75	0.5	Desktop	0	1	0
2361	Female	42	AU	Free	109	70	0.22	Web	37	0	0
2362	Other	19	AU	Premium	187	54	0.52	Mobile	0	1	0
2363	Female	22	DE	Student	244	22	0.37	Desktop	0	1	0
2364	Female	50	DE	Student	123	8	0.48	Desktop	0	1	0
2365	Male	52	CA	Premium	15	67	0.41	Desktop	0	1	1
2366	Male	31	CA	Free	88	11	0.54	Mobile	47	0	1
2367	Other	23	IN	Premium	122	28	0.56	Mobile	0	1	0
2368	Female	31	UK	Family	169	33	0.51	Web	0	1	0
2369	Other	16	CA	Premium	68	57	0.4	Web	0	1	0
2370	Female	39	FR	Family	62	57	0.34	Mobile	0	1	0
2371	Female	26	IN	Student	67	60	0.31	Desktop	0	1	0
2372	Other	45	US	Family	254	57	0.43	Web	0	1	0
2373	Other	50	IN	Premium	128	64	0.45	Web	0	1	0
2374	Female	57	PK	Student	126	57	0.3	Mobile	0	1	0
2375	Male	47	IN	Free	156	18	0.18	Desktop	17	0	0
2376	Other	57	FR	Student	22	4	0.33	Mobile	0	1	0
2377	Female	32	PK	Free	32	98	0.25	Mobile	18	0	0
2378	Male	33	PK	Student	52	50	0.18	Mobile	0	1	1
2379	Male	35	IN	Free	162	96	0.57	Mobile	24	0	0
2380	Other	37	AU	Student	85	7	0.39	Web	0	1	0
2381	Male	35	CA	Free	204	22	0.5	Desktop	31	0	0
2382	Male	34	UK	Family	193	78	0.13	Web	0	1	0
2383	Male	37	US	Family	298	33	0.42	Desktop	0	1	1
2384	Female	47	FR	Free	219	8	0.45	Web	39	0	0
2385	Female	28	DE	Premium	282	8	0.45	Mobile	0	1	1
2386	Other	43	AU	Free	135	13	0.47	Web	10	0	0
2387	Male	58	CA	Premium	100	48	0.53	Mobile	0	1	0
2388	Male	53	IN	Student	44	64	0.35	Desktop	0	1	0
2389	Male	47	DE	Premium	153	26	0.15	Desktop	0	1	1
2390	Other	53	AU	Student	283	85	0.3	Web	0	1	0
2391	Male	34	PK	Free	296	67	0.17	Mobile	31	0	0
2392	Male	37	UK	Free	284	92	0.03	Web	35	0	0
2393	Male	37	US	Family	51	67	0.08	Mobile	0	1	0
2394	Other	58	PK	Student	67	50	0.5	Desktop	0	1	0
2395	Female	23	IN	Student	131	66	0.33	Desktop	0	1	0
2396	Male	21	IN	Student	108	97	0.48	Web	0	1	0
2397	Female	22	PK	Premium	193	71	0.08	Desktop	0	1	0
2398	Male	59	IN	Free	185	18	0.48	Desktop	49	0	1
2399	Other	48	DE	Family	207	2	0.05	Mobile	0	1	0
2400	Other	30	CA	Student	168	52	0.29	Web	0	1	0
2401	Male	55	IN	Free	266	8	0.08	Web	23	0	0
2402	Male	52	AU	Premium	72	52	0.5	Desktop	0	1	0
2403	Male	44	IN	Family	25	87	0.58	Mobile	0	1	0
2404	Female	26	AU	Free	166	22	0.44	Web	5	0	0
2405	Male	32	CA	Student	126	28	0.46	Web	0	1	0
2406	Male	55	PK	Family	160	29	0.4	Web	0	1	1
2407	Other	57	PK	Free	31	86	0.39	Mobile	43	0	1
2408	Other	50	US	Free	281	42	0.36	Web	40	0	0
2409	Male	21	FR	Free	231	86	0.14	Web	11	0	1
2410	Other	25	FR	Free	95	87	0.2	Desktop	42	0	1
2411	Female	28	DE	Premium	182	47	0.51	Web	0	1	0
2412	Other	45	IN	Premium	76	41	0.05	Mobile	0	1	1
2413	Female	52	US	Free	151	77	0.03	Desktop	46	0	0
2414	Female	44	US	Student	105	92	0.28	Mobile	0	1	0
2415	Other	16	IN	Family	23	43	0.42	Web	0	1	0
2416	Other	35	CA	Student	60	19	0.44	Desktop	0	1	1
2417	Male	19	FR	Family	237	66	0.41	Mobile	0	1	0
2418	Other	41	DE	Premium	15	1	0.06	Desktop	0	1	0
2419	Male	16	US	Premium	129	55	0.14	Mobile	0	1	0
2420	Female	39	CA	Free	158	69	0.27	Web	5	0	0
2421	Male	24	IN	Free	95	63	0.16	Desktop	43	0	0
2422	Male	53	IN	Student	157	47	0.58	Mobile	0	1	0
2423	Female	58	UK	Premium	284	71	0.45	Web	0	1	0
2424	Male	48	UK	Free	224	41	0.45	Mobile	11	0	0
2425	Male	39	US	Student	176	15	0.47	Web	0	1	0
2426	Male	37	DE	Premium	199	45	0.11	Mobile	0	1	0
2427	Female	32	PK	Student	87	79	0.07	Desktop	0	1	0
2428	Other	57	US	Student	35	39	0.41	Web	0	1	0
2429	Female	52	FR	Family	126	53	0.05	Desktop	0	1	1
2430	Male	37	AU	Student	186	8	0.14	Web	0	1	0
2431	Male	34	UK	Family	14	84	0.56	Mobile	0	1	1
2432	Male	44	CA	Free	42	38	0.55	Desktop	36	0	1
2433	Female	32	PK	Free	264	56	0.23	Mobile	47	0	0
2434	Female	17	UK	Premium	80	11	0.15	Desktop	0	1	1
2435	Female	49	AU	Family	279	85	0.34	Web	0	1	1
2436	Male	31	DE	Free	226	2	0.47	Desktop	13	0	0
2437	Male	26	IN	Premium	79	20	0.48	Mobile	0	1	0
2438	Other	37	IN	Premium	179	56	0.34	Mobile	0	1	0
2439	Female	30	IN	Student	240	13	0.28	Mobile	0	1	0
2440	Male	22	AU	Free	257	11	0.47	Mobile	41	0	0
2441	Male	52	DE	Student	293	69	0.23	Mobile	0	1	0
2442	Female	45	UK	Family	267	40	0.43	Desktop	0	1	0
2443	Female	54	FR	Free	283	27	0.54	Mobile	11	0	1
2444	Male	35	DE	Premium	69	83	0.37	Mobile	0	1	0
2445	Other	30	IN	Student	21	35	0.44	Web	0	1	0
2446	Female	20	FR	Free	218	33	0.26	Mobile	30	0	0
2447	Other	33	AU	Student	149	25	0.58	Web	0	1	0
2448	Male	50	IN	Family	84	86	0.26	Mobile	0	1	1
2449	Other	41	CA	Free	69	51	0.06	Mobile	16	0	0
2450	Other	37	DE	Free	252	68	0.42	Desktop	24	0	0
2451	Male	42	PK	Premium	13	75	0.14	Web	0	1	1
2452	Other	53	UK	Free	290	74	0.53	Mobile	36	0	0
2453	Male	22	FR	Premium	13	7	0.41	Web	0	1	1
2454	Female	19	US	Premium	165	19	0.51	Web	0	1	0
2455	Male	22	AU	Premium	131	82	0.25	Web	0	1	1
2456	Other	30	PK	Free	50	71	0.03	Web	21	0	0
2457	Male	51	DE	Family	116	75	0.51	Web	0	1	0
2458	Female	16	UK	Family	27	48	0.43	Desktop	0	1	1
2459	Male	29	UK	Free	77	89	0.12	Web	12	0	0
2460	Female	51	US	Free	28	4	0.36	Desktop	34	0	0
2461	Female	53	UK	Family	249	25	0.15	Mobile	0	1	0
2462	Female	30	DE	Free	146	77	0.33	Mobile	42	0	0
2463	Male	35	DE	Premium	216	20	0.41	Web	0	1	0
2464	Female	46	US	Premium	56	8	0.17	Desktop	0	1	0
2465	Other	47	FR	Free	48	86	0.55	Mobile	28	0	0
2466	Other	17	FR	Free	285	59	0.22	Mobile	31	0	0
2467	Other	47	US	Student	214	79	0.52	Web	0	1	0
2468	Female	28	FR	Premium	27	40	0.2	Web	0	1	0
2469	Other	41	CA	Free	87	65	0.57	Web	36	0	0
2470	Male	43	CA	Family	205	83	0.07	Web	0	1	0
2471	Other	56	US	Free	289	3	0.05	Web	37	0	1
2472	Male	59	UK	Student	11	92	0.32	Mobile	0	1	1
2473	Other	47	US	Student	87	10	0.07	Mobile	0	1	0
2474	Other	28	PK	Family	19	5	0.22	Mobile	0	1	0
2475	Other	31	DE	Free	262	59	0.28	Mobile	38	0	0
2476	Female	40	PK	Family	295	32	0.35	Mobile	0	1	0
2477	Other	19	CA	Premium	148	13	0.34	Mobile	0	1	0
2478	Male	53	FR	Family	126	91	0.4	Desktop	0	1	0
2479	Other	59	AU	Free	188	86	0.11	Mobile	46	0	0
2480	Other	17	PK	Premium	296	78	0.08	Web	0	1	0
2481	Female	46	AU	Free	11	86	0.3	Web	41	0	0
2482	Other	38	DE	Premium	23	89	0.16	Mobile	0	1	0
2483	Other	44	IN	Student	82	83	0.34	Desktop	0	1	0
2484	Male	16	AU	Premium	270	77	0.57	Desktop	0	1	0
2485	Male	18	FR	Family	45	55	0.6	Mobile	0	1	1
2486	Female	20	DE	Family	135	11	0.48	Web	0	1	0
2487	Male	25	US	Student	170	96	0.01	Mobile	0	1	0
2488	Other	33	CA	Family	246	34	0.31	Web	0	1	0
2489	Female	41	DE	Student	166	55	0.37	Mobile	0	1	1
2490	Female	37	CA	Student	100	24	0.1	Web	0	1	1
2491	Other	52	US	Premium	294	36	0.4	Web	0	1	1
2492	Male	36	US	Student	175	66	0.13	Mobile	0	1	0
2493	Female	39	US	Free	296	9	0	Mobile	18	0	1
2494	Other	28	CA	Free	21	19	0.52	Mobile	32	0	0
2495	Male	38	UK	Family	82	24	0.52	Web	0	1	1
2496	Other	35	FR	Student	213	25	0.12	Mobile	0	1	1
2497	Male	30	CA	Student	271	70	0.31	Desktop	0	1	1
2498	Male	43	FR	Family	187	38	0.03	Web	0	1	0
2499	Other	29	US	Free	251	15	0.12	Web	48	0	0
2500	Female	42	UK	Family	293	88	0.1	Mobile	0	1	1
2501	Male	38	US	Premium	95	77	0.01	Desktop	0	1	0
2502	Other	38	DE	Student	225	26	0.33	Mobile	0	1	0
2503	Female	58	AU	Student	143	17	0.36	Mobile	0	1	0
2504	Male	47	FR	Premium	157	82	0.2	Mobile	0	1	1
2505	Female	26	US	Free	285	44	0.48	Web	21	0	0
2506	Female	45	FR	Family	263	71	0.18	Mobile	0	1	0
2507	Female	18	DE	Student	235	7	0.42	Desktop	0	1	0
2508	Male	27	DE	Family	112	13	0.54	Desktop	0	1	0
2509	Female	58	AU	Premium	208	86	0.1	Web	0	1	1
2510	Other	42	PK	Student	184	90	0.51	Desktop	0	1	1
2511	Female	50	PK	Student	129	50	0.34	Mobile	0	1	0
2512	Male	25	US	Premium	211	99	0.07	Mobile	0	1	0
2513	Male	31	PK	Premium	146	38	0.38	Mobile	0	1	1
2514	Female	25	CA	Family	297	33	0.57	Mobile	0	1	0
2515	Female	22	DE	Family	28	70	0.19	Mobile	0	1	0
2516	Other	51	CA	Family	84	23	0.26	Desktop	0	1	1
2517	Other	46	UK	Premium	103	40	0.33	Mobile	0	1	0
2518	Female	45	FR	Premium	282	73	0.29	Mobile	0	1	1
2519	Other	53	UK	Family	157	12	0.56	Web	0	1	0
2520	Female	23	IN	Free	152	11	0.23	Web	16	0	0
2521	Female	21	UK	Premium	233	11	0.1	Mobile	0	1	0
2522	Female	28	CA	Student	111	61	0.41	Web	0	1	0
2523	Other	21	IN	Premium	297	95	0.28	Web	0	1	0
2524	Other	37	UK	Student	46	29	0.4	Web	0	1	0
2525	Female	33	DE	Free	56	57	0.58	Mobile	16	0	1
2526	Female	50	UK	Free	118	72	0.06	Mobile	8	0	0
2527	Female	17	FR	Free	98	82	0.44	Web	24	0	0
2528	Female	51	CA	Student	178	73	0.14	Mobile	0	1	1
2529	Female	46	US	Family	97	71	0.22	Desktop	0	1	1
2530	Female	39	US	Premium	165	16	0.19	Mobile	0	1	0
2531	Female	45	DE	Premium	85	78	0.03	Web	0	1	0
2532	Female	59	UK	Family	137	19	0.2	Mobile	0	1	0
2533	Male	16	IN	Premium	215	58	0.23	Web	0	1	0
2534	Female	17	UK	Student	48	53	0.59	Desktop	0	1	0
2535	Male	58	US	Family	60	85	0.45	Web	0	1	1
2536	Other	26	FR	Family	229	40	0.28	Web	0	1	0
2537	Female	46	IN	Student	33	58	0.54	Web	0	1	0
2538	Female	52	UK	Family	272	27	0.43	Web	0	1	0
2539	Female	39	AU	Student	126	48	0.36	Mobile	0	1	1
2540	Male	54	CA	Premium	201	65	0.13	Mobile	0	1	0
2541	Other	17	PK	Premium	143	92	0.06	Mobile	0	1	0
2542	Other	26	FR	Premium	52	5	0.47	Mobile	0	1	1
2543	Other	52	AU	Free	19	37	0.49	Mobile	30	0	1
2544	Male	52	PK	Premium	151	59	0.32	Mobile	0	1	0
2545	Other	39	AU	Premium	137	20	0.44	Web	0	1	1
2546	Other	54	FR	Student	273	6	0.18	Mobile	0	1	0
2547	Female	51	DE	Family	132	14	0.6	Web	0	1	0
2548	Other	17	CA	Family	190	11	0.19	Web	0	1	0
2549	Male	51	UK	Premium	107	50	0.27	Web	0	1	0
2550	Male	35	AU	Family	296	30	0.28	Web	0	1	0
2551	Other	18	UK	Student	102	85	0.51	Web	0	1	0
2552	Other	48	AU	Student	39	32	0.04	Web	0	1	0
2553	Male	17	IN	Student	77	25	0.05	Mobile	0	1	0
2554	Other	37	IN	Student	34	33	0.26	Desktop	0	1	0
2555	Male	29	IN	Free	110	46	0.17	Mobile	22	0	0
2556	Female	33	CA	Free	154	69	0.48	Web	10	0	0
2557	Other	22	UK	Student	207	61	0.37	Web	0	1	1
2558	Other	48	FR	Free	212	85	0.28	Web	19	0	0
2559	Female	52	IN	Family	143	48	0.38	Desktop	0	1	1
2560	Male	57	AU	Family	207	22	0.15	Desktop	0	1	0
2561	Other	27	FR	Premium	78	53	0.31	Web	0	1	1
2562	Other	25	IN	Student	266	50	0.54	Desktop	0	1	0
2563	Female	27	US	Premium	175	14	0.56	Web	0	1	0
2564	Other	41	IN	Free	21	57	0.22	Desktop	30	0	0
2565	Male	56	IN	Student	122	98	0.6	Web	0	1	1
2566	Female	43	FR	Premium	265	91	0.46	Desktop	0	1	0
2567	Male	51	PK	Family	76	93	0.28	Mobile	0	1	0
2568	Male	56	IN	Premium	223	90	0.18	Desktop	0	1	1
2569	Male	38	US	Free	83	60	0.31	Web	8	0	0
2570	Male	16	DE	Free	180	8	0.06	Mobile	43	0	0
2571	Female	54	FR	Family	23	41	0.1	Mobile	0	1	0
2572	Other	43	CA	Student	190	96	0.19	Mobile	0	1	0
2573	Female	29	AU	Family	55	47	0.39	Web	0	1	1
2574	Male	30	UK	Family	163	4	0.51	Desktop	0	1	1
2575	Other	17	UK	Premium	108	82	0.23	Desktop	0	1	0
2576	Other	50	DE	Student	184	4	0.57	Mobile	0	1	0
2577	Other	43	AU	Family	123	50	0.03	Desktop	0	1	0
2578	Other	19	PK	Free	285	92	0.48	Desktop	17	0	0
2579	Female	34	UK	Free	197	81	0.01	Desktop	17	0	0
2580	Male	53	FR	Premium	47	96	0.54	Web	0	1	0
2581	Other	31	AU	Student	90	65	0.25	Mobile	0	1	1
2582	Other	25	PK	Family	11	35	0.23	Web	0	1	1
2583	Other	23	US	Premium	234	10	0.38	Desktop	0	1	0
2584	Male	41	US	Family	197	9	0.58	Web	0	1	0
2585	Male	37	IN	Student	46	85	0.01	Desktop	0	1	0
2586	Other	34	FR	Student	181	72	0.41	Desktop	0	1	1
2587	Female	42	US	Premium	114	64	0.1	Mobile	0	1	1
2588	Other	54	DE	Premium	55	68	0.28	Web	0	1	1
2589	Female	37	PK	Premium	120	84	0.55	Mobile	0	1	1
2590	Other	38	IN	Free	149	21	0.4	Mobile	33	0	0
2591	Female	40	CA	Free	151	85	0.57	Mobile	20	0	0
2592	Female	42	AU	Premium	257	96	0.58	Desktop	0	1	0
2593	Female	46	US	Student	257	8	0.09	Web	0	1	0
2594	Other	22	US	Premium	33	98	0.51	Web	0	1	1
2595	Other	52	PK	Student	296	32	0.24	Web	0	1	0
2596	Male	53	DE	Student	146	54	0.12	Web	0	1	0
2597	Male	16	FR	Student	27	99	0.15	Mobile	0	1	0
2598	Female	33	AU	Premium	75	71	0.51	Desktop	0	1	0
2599	Male	19	PK	Premium	171	50	0.41	Desktop	0	1	0
2600	Female	30	FR	Family	23	76	0.5	Mobile	0	1	0
2601	Other	48	IN	Premium	230	61	0.29	Desktop	0	1	0
2602	Other	45	UK	Free	164	97	0.1	Web	26	0	0
2603	Female	57	UK	Student	120	53	0.4	Mobile	0	1	1
2604	Other	57	CA	Free	220	48	0.45	Web	18	0	0
2605	Female	33	PK	Free	33	20	0.24	Mobile	23	0	1
2606	Other	44	CA	Free	10	57	0.06	Desktop	39	0	0
2607	Other	49	PK	Student	275	60	0.38	Mobile	0	1	0
2608	Other	34	DE	Free	147	27	0.18	Mobile	39	0	0
2609	Female	38	AU	Premium	211	4	0.14	Web	0	1	1
2610	Female	30	US	Free	39	9	0.6	Desktop	40	0	0
2611	Other	33	UK	Family	111	10	0.56	Web	0	1	0
2612	Female	47	PK	Family	109	23	0.46	Desktop	0	1	1
2613	Other	23	AU	Free	64	7	0.07	Mobile	40	0	0
2614	Female	41	PK	Premium	18	43	0.51	Desktop	0	1	1
2615	Other	30	PK	Premium	141	45	0.12	Desktop	0	1	0
2616	Female	28	DE	Premium	89	80	0.31	Mobile	0	1	0
2617	Female	17	AU	Family	260	38	0.51	Desktop	0	1	0
2618	Female	52	PK	Family	149	79	0.12	Desktop	0	1	1
2619	Female	55	CA	Student	88	37	0.09	Desktop	0	1	0
2620	Other	20	DE	Student	251	35	0.32	Web	0	1	1
2621	Female	44	IN	Free	256	43	0.51	Mobile	11	0	1
2622	Other	56	AU	Premium	191	72	0.24	Mobile	0	1	0
2623	Other	53	AU	Family	222	72	0.6	Web	0	1	0
2624	Female	42	FR	Premium	248	60	0.26	Web	0	1	0
2625	Male	38	US	Premium	247	51	0.38	Web	0	1	0
2626	Female	18	CA	Free	183	30	0.36	Desktop	24	0	1
2627	Other	53	FR	Premium	144	84	0.52	Mobile	0	1	0
2628	Male	49	IN	Family	13	63	0.13	Mobile	0	1	0
2629	Male	41	FR	Premium	188	97	0.01	Web	0	1	0
2630	Other	47	UK	Premium	128	15	0.11	Web	0	1	1
2631	Male	26	US	Premium	160	75	0.12	Desktop	0	1	0
2632	Female	30	AU	Family	102	25	0.33	Desktop	0	1	0
2633	Female	56	FR	Premium	120	93	0.57	Mobile	0	1	0
2634	Other	52	AU	Free	61	29	0.25	Desktop	34	0	0
2635	Other	20	AU	Premium	45	60	0.24	Desktop	0	1	1
2636	Other	38	US	Student	111	32	0.22	Desktop	0	1	0
2637	Male	46	DE	Student	112	92	0.2	Desktop	0	1	0
2638	Other	18	AU	Family	78	43	0.1	Desktop	0	1	1
2639	Female	39	US	Family	280	57	0.07	Web	0	1	1
2640	Other	38	FR	Free	246	91	0.17	Web	49	0	0
2641	Male	33	UK	Premium	13	84	0.38	Desktop	0	1	0
2642	Other	57	IN	Free	209	68	0.24	Mobile	34	0	0
2643	Male	27	CA	Family	12	74	0.14	Mobile	0	1	0
2644	Male	46	PK	Family	213	34	0.06	Mobile	0	1	0
2645	Female	45	FR	Premium	276	60	0.01	Desktop	0	1	0
2646	Other	45	FR	Student	238	20	0.02	Desktop	0	1	0
2647	Other	20	IN	Free	167	84	0.5	Mobile	16	0	1
2648	Other	26	CA	Student	123	39	0.03	Mobile	0	1	0
2649	Female	20	DE	Premium	28	49	0.3	Web	0	1	0
2650	Other	38	DE	Student	55	92	0.5	Mobile	0	1	1
2651	Male	56	DE	Premium	17	23	0.27	Desktop	0	1	0
2652	Female	28	FR	Free	209	59	0.31	Mobile	44	0	0
2653	Other	33	DE	Family	31	55	0.57	Web	0	1	0
2654	Other	19	IN	Student	122	64	0.48	Web	0	1	0
2655	Female	38	UK	Family	274	17	0.46	Mobile	0	1	1
2656	Female	50	US	Premium	153	70	0.59	Desktop	0	1	1
2657	Male	58	AU	Free	117	14	0.4	Desktop	39	0	0
2658	Male	55	DE	Premium	14	80	0.42	Mobile	0	1	0
2659	Male	38	CA	Family	173	31	0.05	Desktop	0	1	0
2660	Male	44	AU	Free	277	54	0.3	Desktop	29	0	0
2661	Other	59	US	Student	77	12	0.34	Mobile	0	1	0
2662	Male	51	FR	Student	229	37	0.37	Web	0	1	0
2663	Male	21	PK	Premium	39	62	0.04	Mobile	0	1	0
2664	Other	28	CA	Free	174	16	0.44	Mobile	46	0	0
2665	Male	54	FR	Family	278	16	0.46	Mobile	0	1	0
2666	Female	17	PK	Free	253	98	0.33	Mobile	38	0	0
2667	Other	32	FR	Family	182	37	0.39	Desktop	0	1	1
2668	Female	57	FR	Student	36	49	0.13	Web	0	1	0
2669	Other	28	CA	Free	12	48	0.51	Desktop	26	0	0
2670	Female	48	PK	Premium	183	63	0.36	Desktop	0	1	1
2671	Male	47	UK	Student	41	76	0.45	Desktop	0	1	0
2672	Male	56	CA	Premium	242	49	0.24	Mobile	0	1	1
2673	Male	59	DE	Free	275	43	0.58	Mobile	38	0	0
2674	Other	31	UK	Premium	76	6	0.02	Web	0	1	0
2675	Female	49	FR	Premium	103	15	0.58	Desktop	0	1	0
2676	Female	46	AU	Premium	163	72	0.05	Mobile	0	1	0
2677	Male	37	CA	Family	92	16	0.17	Desktop	0	1	0
2678	Other	41	AU	Free	134	78	0.29	Mobile	36	0	0
2679	Female	23	UK	Free	288	31	0.17	Web	42	0	0
2680	Female	35	DE	Student	26	81	0.03	Web	0	1	0
2681	Female	29	UK	Premium	246	8	0.36	Web	0	1	0
2682	Female	18	FR	Premium	224	2	0.17	Mobile	0	1	0
2683	Female	23	US	Premium	52	37	0.44	Mobile	0	1	0
2684	Female	53	DE	Premium	67	59	0.51	Desktop	0	1	0
2685	Male	27	AU	Free	254	33	0.06	Desktop	28	0	0
2686	Male	22	CA	Free	74	23	0.27	Mobile	47	0	0
2687	Other	30	US	Student	296	79	0.32	Web	0	1	0
2688	Female	49	CA	Family	146	83	0.08	Mobile	0	1	1
2689	Male	55	UK	Student	96	73	0.24	Desktop	0	1	0
2690	Female	55	US	Student	203	42	0.05	Web	0	1	1
2691	Other	22	DE	Free	274	3	0.22	Mobile	18	0	0
2692	Male	19	DE	Premium	145	67	0.25	Web	0	1	0
2693	Male	47	UK	Student	122	97	0.24	Mobile	0	1	1
2694	Female	26	AU	Family	41	88	0.14	Mobile	0	1	0
2695	Male	25	AU	Family	298	61	0.53	Desktop	0	1	1
2696	Female	41	CA	Student	64	75	0.14	Web	0	1	0
2697	Other	22	FR	Premium	237	91	0.17	Web	0	1	1
2698	Female	41	PK	Free	16	72	0.05	Mobile	11	0	1
2699	Other	39	UK	Free	180	29	0.16	Web	44	0	1
2700	Female	56	US	Free	143	19	0.11	Desktop	25	0	0
2701	Other	17	IN	Premium	50	13	0.45	Desktop	0	1	0
2702	Female	41	DE	Premium	99	77	0.01	Desktop	0	1	1
2703	Male	43	FR	Student	131	25	0.08	Web	0	1	0
2704	Other	22	DE	Premium	164	55	0.48	Web	0	1	0
2705	Female	48	DE	Student	184	12	0.56	Desktop	0	1	0
2706	Other	26	FR	Premium	94	57	0.55	Web	0	1	0
2707	Other	57	PK	Free	220	22	0.36	Desktop	15	0	0
2708	Female	29	DE	Premium	180	9	0.34	Desktop	0	1	0
2709	Male	17	IN	Student	104	3	0.3	Web	0	1	0
2710	Male	43	FR	Free	260	29	0.03	Web	6	0	0
2711	Other	33	FR	Premium	52	97	0.1	Web	0	1	0
2712	Other	45	UK	Family	27	50	0.14	Mobile	0	1	1
2713	Male	56	IN	Student	236	4	0.1	Desktop	0	1	0
2714	Other	49	AU	Premium	252	45	0.57	Desktop	0	1	0
2715	Female	37	IN	Premium	190	80	0.5	Desktop	0	1	0
2716	Other	34	PK	Free	266	81	0.45	Desktop	31	0	0
2717	Female	28	AU	Free	72	22	0.58	Web	12	0	1
2718	Male	28	CA	Premium	43	50	0.27	Web	0	1	0
2719	Male	19	US	Premium	210	88	0.2	Desktop	0	1	0
2720	Other	26	AU	Student	253	98	0.25	Desktop	0	1	0
2721	Other	24	IN	Premium	78	12	0.47	Web	0	1	0
2722	Male	17	IN	Student	223	60	0.15	Web	0	1	0
2723	Other	34	FR	Student	187	37	0.37	Mobile	0	1	1
2724	Male	51	DE	Premium	232	43	0.1	Mobile	0	1	0
2725	Other	51	UK	Free	92	49	0.4	Mobile	5	0	0
2726	Female	43	AU	Premium	230	39	0.46	Mobile	0	1	0
2727	Other	56	FR	Free	264	95	0.52	Desktop	35	0	0
2728	Male	18	AU	Premium	174	27	0.03	Mobile	0	1	0
2729	Female	50	IN	Student	17	78	0.26	Mobile	0	1	0
2730	Other	50	PK	Student	30	73	0.27	Web	0	1	1
2731	Male	22	DE	Free	217	50	0.44	Desktop	28	0	1
2732	Male	24	AU	Free	52	17	0.09	Mobile	15	0	1
2733	Male	59	UK	Family	67	79	0.21	Web	0	1	0
2734	Other	20	FR	Premium	248	67	0.4	Desktop	0	1	1
2735	Male	37	FR	Free	51	17	0.51	Web	49	0	1
2736	Female	30	CA	Family	65	34	0.44	Desktop	0	1	0
2737	Other	37	IN	Premium	245	21	0.35	Desktop	0	1	0
2738	Other	21	PK	Premium	202	4	0.24	Mobile	0	1	0
2739	Female	56	DE	Family	227	40	0.6	Web	0	1	0
2740	Male	46	CA	Student	104	13	0.39	Web	0	1	0
2741	Male	32	FR	Premium	41	54	0.58	Desktop	0	1	1
2742	Other	23	CA	Premium	241	87	0.26	Web	0	1	0
2743	Other	53	CA	Free	249	61	0.28	Desktop	39	0	0
2744	Other	16	FR	Premium	115	53	0.18	Web	0	1	1
2745	Female	48	US	Student	236	82	0.2	Web	0	1	0
2746	Other	34	UK	Premium	187	74	0.22	Desktop	0	1	0
2747	Female	54	FR	Free	123	55	0.59	Web	39	0	0
2748	Female	30	US	Student	27	77	0.36	Web	0	1	1
2749	Male	25	US	Student	215	76	0.13	Web	0	1	0
2750	Female	40	AU	Free	29	87	0.29	Mobile	25	0	0
2751	Other	46	UK	Family	42	84	0.1	Desktop	0	1	1
2752	Female	52	DE	Family	118	69	0.36	Mobile	0	1	0
2753	Other	51	DE	Family	142	29	0.09	Desktop	0	1	0
2754	Male	29	UK	Free	182	52	0.3	Web	18	0	0
2755	Female	54	AU	Student	204	40	0.01	Mobile	0	1	0
2756	Other	19	US	Premium	188	23	0.11	Desktop	0	1	0
2757	Female	35	DE	Free	232	18	0.49	Desktop	25	0	0
2758	Male	33	PK	Student	274	14	0.2	Desktop	0	1	0
2759	Female	27	IN	Free	32	65	0.19	Mobile	34	0	0
2760	Other	19	IN	Student	210	33	0.33	Desktop	0	1	0
2761	Male	16	AU	Free	111	47	0.33	Mobile	25	0	0
2762	Female	19	US	Premium	196	11	0.51	Web	0	1	0
2763	Other	34	IN	Free	125	94	0.02	Web	15	0	0
2764	Female	17	CA	Student	86	9	0.28	Mobile	0	1	1
2765	Male	19	DE	Family	12	35	0.13	Mobile	0	1	0
2766	Female	40	US	Premium	242	88	0.25	Mobile	0	1	1
2767	Other	41	AU	Student	21	61	0.19	Web	0	1	0
2768	Female	19	PK	Family	16	72	0.58	Desktop	0	1	0
2769	Other	18	CA	Student	168	51	0.29	Desktop	0	1	0
2770	Other	22	FR	Student	253	9	0.39	Desktop	0	1	1
2771	Male	53	UK	Free	203	71	0.45	Web	36	0	1
2772	Female	32	UK	Premium	28	2	0.5	Web	0	1	1
2773	Other	18	IN	Free	132	18	0.34	Mobile	13	0	0
2774	Male	29	IN	Family	267	28	0.14	Desktop	0	1	0
2775	Other	33	FR	Student	98	92	0.42	Mobile	0	1	0
2776	Other	43	UK	Premium	62	17	0.02	Web	0	1	0
2777	Other	46	CA	Student	138	42	0.53	Desktop	0	1	0
2778	Male	16	IN	Free	246	62	0.57	Desktop	15	0	0
2779	Female	19	UK	Student	159	75	0.22	Mobile	0	1	1
2780	Male	29	US	Family	216	72	0	Web	0	1	0
2781	Other	52	CA	Student	279	58	0.38	Web	0	1	0
2782	Female	19	AU	Premium	142	68	0.23	Mobile	0	1	0
2783	Other	43	US	Premium	273	68	0.23	Web	0	1	0
2784	Male	50	AU	Family	135	27	0.3	Desktop	0	1	1
2785	Male	28	UK	Student	281	50	0.27	Desktop	0	1	0
2786	Female	29	IN	Free	26	18	0.56	Mobile	37	0	1
2787	Male	30	PK	Free	225	46	0.21	Desktop	8	0	0
2788	Male	32	UK	Premium	115	65	0.19	Mobile	0	1	0
2789	Other	47	US	Premium	88	81	0.46	Web	0	1	0
2790	Female	32	AU	Student	25	84	0.01	Web	0	1	0
2791	Female	34	AU	Student	235	49	0.08	Web	0	1	0
2792	Female	25	UK	Premium	232	71	0.11	Mobile	0	1	0
2793	Other	29	CA	Family	14	6	0.26	Mobile	0	1	0
2794	Other	34	PK	Family	120	89	0.55	Web	0	1	0
2795	Male	19	FR	Premium	93	15	0.15	Web	0	1	0
2796	Female	17	AU	Student	43	88	0.58	Mobile	0	1	0
2797	Male	45	FR	Free	44	10	0.19	Desktop	48	0	1
2798	Female	44	PK	Free	46	66	0.2	Web	11	0	0
2799	Other	44	US	Premium	276	69	0.57	Web	0	1	1
2800	Male	54	DE	Free	161	50	0.11	Web	30	0	0
2801	Other	54	UK	Premium	275	66	0.25	Web	0	1	1
2802	Male	52	CA	Student	182	69	0.48	Mobile	0	1	0
2803	Other	26	UK	Family	261	53	0.27	Desktop	0	1	0
2804	Other	56	CA	Free	266	72	0.24	Desktop	12	0	0
2805	Other	30	CA	Free	271	68	0.43	Desktop	44	0	0
2806	Female	25	CA	Free	264	27	0.05	Web	24	0	0
2807	Male	21	UK	Premium	281	7	0.12	Desktop	0	1	1
2808	Other	18	PK	Student	207	19	0.59	Web	0	1	0
2809	Male	52	AU	Family	243	2	0.48	Desktop	0	1	0
2810	Female	26	US	Student	228	76	0.1	Desktop	0	1	0
2811	Female	41	IN	Family	243	41	0.42	Desktop	0	1	0
2812	Female	29	IN	Family	60	96	0.29	Web	0	1	0
2813	Other	21	UK	Student	145	37	0.22	Desktop	0	1	0
2814	Other	43	FR	Premium	32	87	0.46	Mobile	0	1	1
2815	Male	38	US	Student	183	50	0.59	Mobile	0	1	1
2816	Female	48	IN	Family	26	84	0.35	Mobile	0	1	1
2817	Female	32	US	Student	140	92	0.28	Mobile	0	1	1
2818	Female	24	AU	Family	286	42	0.4	Web	0	1	0
2819	Male	35	FR	Free	236	59	0.27	Desktop	46	0	0
2820	Other	42	IN	Family	31	19	0.33	Desktop	0	1	0
2821	Male	43	FR	Premium	188	82	0.52	Desktop	0	1	0
2822	Male	55	US	Free	12	8	0.03	Mobile	34	0	0
2823	Male	32	AU	Family	164	49	0.08	Desktop	0	1	0
2824	Female	49	FR	Student	245	20	0.52	Web	0	1	0
2825	Female	36	FR	Family	38	96	0.37	Web	0	1	1
2826	Male	46	AU	Family	76	44	0.13	Desktop	0	1	1
2827	Other	52	UK	Free	196	6	0.07	Desktop	37	0	1
2828	Female	30	PK	Free	150	47	0.51	Mobile	43	0	0
2829	Other	36	UK	Student	281	40	0.35	Mobile	0	1	0
2830	Other	22	DE	Family	110	85	0.24	Desktop	0	1	0
2831	Female	55	CA	Family	106	70	0.04	Web	0	1	1
2832	Female	36	US	Student	137	59	0.1	Web	0	1	0
2833	Female	47	IN	Family	251	40	0.42	Mobile	0	1	1
2834	Male	34	US	Free	187	63	0.35	Mobile	29	0	1
2835	Other	23	FR	Student	173	55	0.2	Desktop	0	1	0
2836	Other	46	FR	Premium	255	42	0.58	Web	0	1	1
2837	Male	36	UK	Student	155	77	0.31	Desktop	0	1	0
2838	Male	40	PK	Free	213	40	0.22	Mobile	17	0	1
2839	Female	47	PK	Student	150	70	0.1	Mobile	0	1	1
2840	Female	18	IN	Free	202	90	0.16	Mobile	16	0	0
2841	Female	28	UK	Family	260	25	0.36	Desktop	0	1	0
2842	Other	17	AU	Free	171	19	0.44	Web	11	0	1
2843	Male	29	AU	Student	199	57	0.3	Web	0	1	0
2844	Female	26	FR	Family	103	85	0.1	Desktop	0	1	0
2845	Male	22	UK	Free	246	16	0.36	Web	42	0	0
2846	Female	52	PK	Student	174	44	0.5	Mobile	0	1	0
2847	Male	41	UK	Premium	235	72	0.28	Web	0	1	0
2848	Male	39	PK	Free	219	93	0.22	Desktop	10	0	0
2849	Female	51	DE	Student	245	63	0.58	Mobile	0	1	1
2850	Male	32	IN	Premium	193	7	0.51	Mobile	0	1	1
2851	Female	30	PK	Premium	279	32	0.59	Web	0	1	0
2852	Female	25	UK	Premium	205	39	0.55	Web	0	1	0
2853	Other	44	DE	Free	251	62	0.38	Web	5	0	0
2854	Female	18	UK	Free	190	41	0.3	Web	21	0	0
2855	Other	57	UK	Premium	184	98	0.28	Web	0	1	1
2856	Male	32	DE	Family	267	14	0.56	Mobile	0	1	0
2857	Male	25	AU	Family	118	76	0.27	Desktop	0	1	0
2858	Female	40	US	Free	96	7	0.21	Mobile	35	0	0
2859	Other	33	CA	Family	172	35	0.56	Web	0	1	0
2860	Female	42	FR	Student	10	38	0.3	Desktop	0	1	0
2861	Female	39	UK	Free	45	19	0.51	Desktop	13	0	0
2862	Other	52	UK	Free	50	13	0.21	Desktop	23	0	0
2863	Other	26	DE	Free	183	48	0.43	Mobile	41	0	0
2864	Female	38	DE	Family	213	19	0.09	Desktop	0	1	0
2865	Female	39	UK	Family	211	60	0.16	Desktop	0	1	1
2866	Male	57	IN	Free	59	87	0.24	Web	16	0	0
2867	Other	44	AU	Family	161	72	0.32	Web	0	1	1
2868	Other	36	UK	Student	103	95	0	Mobile	0	1	0
2869	Female	34	FR	Premium	89	24	0.44	Mobile	0	1	1
2870	Other	44	DE	Family	137	2	0.13	Web	0	1	0
2871	Female	23	UK	Premium	257	58	0.35	Web	0	1	0
2872	Female	33	PK	Family	148	48	0.3	Web	0	1	1
2873	Male	53	US	Student	295	88	0.42	Desktop	0	1	0
2874	Male	44	CA	Premium	114	96	0.04	Desktop	0	1	0
2875	Male	53	US	Free	167	18	0.14	Desktop	9	0	0
2876	Other	38	US	Family	255	43	0.4	Desktop	0	1	0
2877	Other	21	FR	Free	266	15	0.41	Mobile	8	0	0
2878	Female	53	US	Family	42	5	0.12	Web	0	1	0
2879	Other	54	CA	Premium	52	4	0.55	Web	0	1	0
2880	Other	57	DE	Student	67	58	0.31	Desktop	0	1	1
2881	Female	47	PK	Premium	38	27	0.1	Web	0	1	0
2882	Male	22	CA	Free	259	43	0.32	Mobile	34	0	0
2883	Other	31	FR	Premium	49	84	0.47	Web	0	1	0
2884	Other	37	FR	Family	205	88	0.35	Desktop	0	1	0
2885	Other	58	CA	Family	291	32	0.48	Mobile	0	1	0
2886	Female	49	US	Premium	86	67	0.19	Mobile	0	1	1
2887	Female	54	UK	Premium	106	39	0.49	Desktop	0	1	1
2888	Male	16	AU	Student	230	28	0.58	Web	0	1	0
2889	Male	24	UK	Student	123	92	0.33	Web	0	1	0
2890	Female	43	AU	Free	204	67	0.01	Desktop	20	0	0
2891	Female	28	DE	Student	252	5	0.4	Desktop	0	1	0
2892	Male	23	CA	Family	249	79	0.04	Web	0	1	0
2893	Other	46	DE	Free	296	95	0.19	Desktop	12	0	0
2894	Other	18	DE	Family	257	2	0.04	Mobile	0	1	1
2895	Female	47	AU	Free	257	98	0	Mobile	45	0	0
2896	Male	55	US	Free	134	40	0.09	Web	10	0	0
2897	Other	34	UK	Premium	297	56	0.49	Desktop	0	1	0
2898	Male	49	CA	Family	192	26	0.21	Web	0	1	0
2899	Female	45	FR	Family	83	55	0.57	Web	0	1	0
2900	Male	54	US	Premium	223	73	0.36	Mobile	0	1	0
2901	Other	26	IN	Student	105	39	0.19	Web	0	1	0
2902	Other	58	CA	Premium	215	14	0.41	Mobile	0	1	0
2903	Female	29	IN	Free	212	94	0.47	Desktop	5	0	1
2904	Female	38	IN	Premium	178	12	0.22	Desktop	0	1	0
2905	Female	50	US	Premium	158	61	0.25	Mobile	0	1	0
2906	Female	24	UK	Free	15	86	0.54	Web	38	0	0
2907	Female	39	PK	Free	247	41	0.17	Desktop	23	0	0
2908	Other	16	FR	Family	153	14	0.46	Mobile	0	1	0
2909	Female	22	FR	Free	245	50	0.01	Web	47	0	0
2910	Male	57	US	Student	203	42	0.15	Desktop	0	1	1
2911	Other	28	PK	Free	78	55	0.57	Desktop	9	0	1
2912	Other	48	UK	Premium	108	86	0.35	Mobile	0	1	0
2913	Female	48	FR	Family	47	86	0.58	Web	0	1	0
2914	Other	46	US	Family	145	13	0.55	Mobile	0	1	0
2915	Female	46	CA	Premium	81	66	0.34	Desktop	0	1	1
2916	Other	36	US	Family	32	98	0.54	Web	0	1	0
2917	Male	37	UK	Student	242	56	0.37	Desktop	0	1	0
2918	Other	25	IN	Free	177	10	0.06	Web	35	0	0
2919	Female	21	US	Premium	283	26	0.09	Mobile	0	1	0
2920	Male	29	US	Premium	261	91	0.36	Mobile	0	1	1
2921	Female	52	IN	Premium	158	22	0.32	Desktop	0	1	0
2922	Male	30	CA	Premium	248	29	0.49	Mobile	0	1	0
2923	Other	26	US	Free	174	54	0.18	Mobile	8	0	0
2924	Other	16	UK	Free	184	56	0.52	Mobile	12	0	1
2925	Female	42	IN	Student	101	58	0.48	Mobile	0	1	0
2926	Male	59	AU	Family	33	10	0.52	Desktop	0	1	0
2927	Male	48	US	Family	228	56	0.41	Desktop	0	1	1
2928	Other	25	AU	Family	216	91	0.13	Web	0	1	0
2929	Female	47	CA	Family	297	71	0.13	Web	0	1	0
2930	Female	25	AU	Free	198	5	0.1	Desktop	14	0	0
2931	Other	30	US	Student	28	72	0.46	Mobile	0	1	0
2932	Male	31	IN	Premium	81	14	0.46	Desktop	0	1	1
2933	Female	37	PK	Premium	237	97	0.53	Mobile	0	1	0
2934	Male	40	US	Student	240	42	0.05	Mobile	0	1	0
2935	Other	24	DE	Free	163	9	0.22	Web	25	0	0
2936	Female	40	IN	Student	164	46	0.28	Web	0	1	0
2937	Other	57	CA	Family	203	11	0.54	Mobile	0	1	0
2938	Other	40	PK	Premium	61	28	0.49	Mobile	0	1	1
2939	Other	41	PK	Premium	136	77	0.23	Mobile	0	1	0
2940	Male	31	FR	Free	41	59	0.22	Desktop	28	0	0
2941	Female	59	UK	Free	198	94	0.21	Web	28	0	0
2942	Other	44	CA	Student	232	39	0.54	Mobile	0	1	0
2943	Female	33	US	Student	107	18	0.42	Mobile	0	1	1
2944	Female	32	FR	Student	208	76	0.19	Mobile	0	1	0
2945	Male	38	DE	Premium	243	76	0.12	Mobile	0	1	0
2946	Female	52	DE	Family	16	88	0.49	Desktop	0	1	0
2947	Female	22	FR	Student	208	19	0.36	Web	0	1	0
2948	Female	52	FR	Student	111	33	0.16	Mobile	0	1	0
2949	Female	51	UK	Premium	288	32	0.07	Mobile	0	1	0
2950	Female	29	AU	Premium	124	55	0.19	Desktop	0	1	1
2951	Male	35	UK	Free	252	14	0.59	Web	27	0	0
2952	Female	23	PK	Student	192	36	0.3	Desktop	0	1	0
2953	Other	34	US	Student	122	9	0.53	Mobile	0	1	1
2954	Female	57	US	Family	190	68	0.34	Desktop	0	1	0
2955	Other	51	CA	Family	81	53	0.37	Desktop	0	1	0
2956	Female	19	IN	Family	138	62	0.17	Desktop	0	1	1
2957	Other	38	UK	Free	272	39	0.31	Web	44	0	0
2958	Other	40	DE	Family	299	43	0.09	Mobile	0	1	1
2959	Other	29	DE	Family	195	71	0.58	Desktop	0	1	1
2960	Female	34	PK	Free	129	42	0.27	Web	31	0	0
2961	Male	23	CA	Free	76	53	0.57	Web	15	0	0
2962	Other	30	US	Family	40	13	0.41	Desktop	0	1	0
2963	Female	49	DE	Family	275	74	0.42	Web	0	1	0
2964	Female	46	AU	Family	54	47	0.06	Web	0	1	0
2965	Male	36	AU	Free	243	24	0.22	Desktop	22	0	0
2966	Male	27	CA	Student	196	23	0.59	Mobile	0	1	1
2967	Female	34	AU	Student	36	87	0.2	Mobile	0	1	0
2968	Male	37	PK	Premium	280	55	0.29	Desktop	0	1	0
2969	Female	38	IN	Premium	229	73	0.55	Mobile	0	1	1
2970	Male	36	PK	Family	147	36	0.38	Mobile	0	1	1
2971	Male	56	PK	Premium	126	46	0.33	Mobile	0	1	0
2972	Male	35	CA	Student	288	65	0.54	Desktop	0	1	0
2973	Female	22	IN	Free	181	7	0.48	Web	18	0	1
2974	Other	44	DE	Student	124	88	0.18	Desktop	0	1	0
2975	Male	45	PK	Free	86	54	0.38	Desktop	41	0	0
2976	Other	39	PK	Family	124	79	0.28	Web	0	1	0
2977	Female	41	UK	Student	127	5	0.38	Web	0	1	1
2978	Other	52	PK	Student	187	94	0.47	Web	0	1	0
2979	Female	26	AU	Family	19	99	0.5	Web	0	1	0
2980	Male	18	AU	Free	234	69	0.26	Web	44	0	1
2981	Male	41	IN	Student	90	87	0.26	Mobile	0	1	0
2982	Other	29	PK	Family	74	99	0.49	Desktop	0	1	1
2983	Male	51	PK	Free	228	36	0.23	Web	21	0	1
2984	Male	42	CA	Student	43	35	0.58	Desktop	0	1	1
2985	Male	55	UK	Family	50	96	0.22	Web	0	1	0
2986	Other	33	US	Family	107	79	0.21	Mobile	0	1	0
2987	Other	57	IN	Family	204	48	0.11	Desktop	0	1	0
2988	Other	32	FR	Premium	95	90	0.44	Web	0	1	1
2989	Male	28	UK	Free	156	14	0.15	Mobile	38	0	0
2990	Other	29	IN	Premium	284	44	0.34	Web	0	1	0
2991	Other	56	IN	Free	136	16	0.11	Web	30	0	0
2992	Male	51	PK	Student	259	36	0.27	Web	0	1	0
2993	Female	39	UK	Student	172	8	0.19	Web	0	1	1
2994	Female	59	IN	Student	138	3	0.16	Desktop	0	1	1
2995	Male	37	UK	Premium	135	10	0.29	Desktop	0	1	0
2996	Female	56	IN	Student	167	51	0.2	Web	0	1	0
2997	Other	18	US	Free	271	42	0.31	Desktop	16	0	0
2998	Female	29	AU	Premium	271	64	0.34	Mobile	0	1	0
2999	Other	39	FR	Student	193	49	0.2	Mobile	0	1	1
3000	Male	45	US	Family	146	76	0.57	Web	0	1	1
3001	Male	25	AU	Free	276	15	0.18	Desktop	47	0	0
3002	Male	19	US	Premium	276	72	0.2	Web	0	1	0
3003	Other	31	UK	Student	82	37	0.56	Desktop	0	1	0
3004	Male	40	CA	Premium	250	45	0.15	Mobile	0	1	0
3005	Female	22	PK	Free	60	46	0.02	Desktop	31	0	0
3006	Other	54	PK	Free	115	84	0.28	Desktop	6	0	0
3007	Other	50	US	Family	104	13	0.21	Mobile	0	1	1
3008	Male	53	AU	Family	219	61	0.23	Desktop	0	1	1
3009	Female	54	FR	Free	109	89	0.21	Mobile	30	0	0
3010	Male	47	AU	Family	163	50	0.05	Desktop	0	1	1
3011	Other	35	FR	Free	265	25	0.22	Web	48	0	0
3012	Male	29	AU	Premium	117	26	0.13	Web	0	1	0
3013	Other	54	FR	Premium	219	22	0.38	Desktop	0	1	0
3014	Female	47	US	Premium	15	7	0.04	Mobile	0	1	0
3015	Female	19	DE	Free	87	61	0.45	Web	16	0	0
3016	Male	37	AU	Student	50	53	0.42	Web	0	1	0
3017	Male	48	UK	Student	130	3	0.3	Desktop	0	1	0
3018	Male	41	CA	Family	104	56	0.17	Web	0	1	1
3019	Other	55	AU	Student	166	17	0.13	Desktop	0	1	1
3020	Male	28	AU	Family	126	59	0.36	Mobile	0	1	0
3021	Other	38	UK	Student	148	82	0.31	Desktop	0	1	1
3022	Male	54	PK	Family	193	50	0.15	Mobile	0	1	1
3023	Female	30	CA	Family	294	40	0.54	Web	0	1	0
3024	Female	56	FR	Premium	51	43	0.45	Web	0	1	0
3025	Male	43	AU	Family	252	51	0.42	Mobile	0	1	0
3026	Female	43	AU	Free	215	71	0.55	Web	42	0	0
3027	Other	54	UK	Premium	173	43	0.18	Mobile	0	1	0
3028	Other	39	PK	Family	207	98	0.6	Mobile	0	1	1
3029	Other	28	IN	Family	205	60	0.32	Mobile	0	1	0
3030	Female	34	PK	Free	76	23	0.03	Web	48	0	0
3031	Male	21	CA	Free	200	34	0.48	Web	28	0	0
3032	Male	19	DE	Student	170	84	0.43	Mobile	0	1	0
3033	Female	26	PK	Premium	107	24	0.08	Mobile	0	1	1
3034	Other	57	US	Premium	96	72	0.19	Desktop	0	1	0
3035	Male	39	CA	Family	128	21	0.31	Desktop	0	1	0
3036	Female	28	CA	Student	223	62	0.3	Web	0	1	0
3037	Other	30	DE	Premium	230	48	0.54	Web	0	1	0
3038	Other	18	CA	Free	150	51	0.44	Web	14	0	0
3039	Male	51	PK	Free	251	10	0.23	Mobile	28	0	0
3040	Other	27	IN	Student	226	39	0.12	Web	0	1	0
3041	Other	42	CA	Free	211	15	0.23	Web	40	0	0
3042	Female	51	UK	Family	190	88	0.03	Web	0	1	0
3043	Other	51	FR	Student	192	47	0.15	Mobile	0	1	0
3044	Other	57	CA	Premium	130	66	0.43	Mobile	0	1	0
3045	Other	22	UK	Family	113	89	0.31	Mobile	0	1	0
3046	Female	37	DE	Free	285	17	0.24	Desktop	11	0	0
3047	Male	34	US	Family	200	39	0.07	Mobile	0	1	0
3048	Male	59	DE	Premium	277	57	0.2	Mobile	0	1	1
3049	Male	21	US	Family	269	4	0.4	Desktop	0	1	1
3050	Male	20	IN	Free	190	9	0.21	Web	15	0	1
3051	Male	52	FR	Premium	70	80	0.27	Desktop	0	1	0
3052	Male	41	DE	Premium	58	33	0.21	Desktop	0	1	1
3053	Female	51	IN	Free	206	49	0.55	Web	43	0	0
3054	Other	55	AU	Student	54	12	0.46	Mobile	0	1	0
3055	Female	59	IN	Premium	45	24	0.54	Mobile	0	1	0
3056	Female	56	PK	Family	276	51	0.09	Mobile	0	1	1
3057	Female	22	CA	Family	100	92	0.6	Desktop	0	1	0
3058	Female	20	UK	Student	213	39	0.39	Desktop	0	1	0
3059	Other	19	UK	Premium	64	55	0.31	Mobile	0	1	0
3060	Male	42	IN	Student	92	25	0.13	Desktop	0	1	1
3061	Male	47	DE	Free	274	8	0.26	Mobile	8	0	0
3062	Other	54	US	Family	218	6	0.26	Web	0	1	1
3063	Other	49	DE	Student	72	99	0.43	Desktop	0	1	0
3064	Other	43	AU	Premium	92	91	0.21	Mobile	0	1	0
3065	Other	41	UK	Family	288	79	0.52	Desktop	0	1	0
3066	Female	30	PK	Family	234	13	0.16	Mobile	0	1	1
3067	Other	41	AU	Free	64	70	0.49	Desktop	18	0	0
3068	Female	43	IN	Free	36	41	0.07	Web	7	0	1
3069	Female	53	AU	Free	14	28	0.34	Mobile	39	0	1
3070	Other	24	IN	Free	59	96	0.39	Mobile	30	0	0
3071	Male	17	FR	Family	280	93	0.1	Desktop	0	1	0
3072	Female	32	FR	Premium	247	42	0.48	Desktop	0	1	0
3073	Female	18	PK	Free	104	78	0.55	Mobile	47	0	0
3074	Male	34	FR	Free	256	34	0.28	Mobile	36	0	0
3075	Other	34	IN	Family	222	77	0.18	Web	0	1	0
3076	Female	56	DE	Free	246	17	0.52	Web	37	0	0
3077	Female	38	PK	Student	114	71	0.34	Mobile	0	1	0
3078	Other	50	UK	Student	179	35	0.08	Mobile	0	1	1
3079	Other	30	CA	Student	18	6	0.47	Desktop	0	1	0
3080	Male	51	PK	Student	87	65	0.32	Web	0	1	0
3081	Male	34	CA	Student	293	89	0.36	Web	0	1	0
3082	Other	18	IN	Premium	12	70	0.46	Desktop	0	1	1
3083	Male	42	PK	Premium	226	65	0.16	Desktop	0	1	0
3084	Female	23	PK	Student	128	55	0.29	Desktop	0	1	0
3085	Male	18	US	Premium	97	24	0.49	Desktop	0	1	0
3086	Female	45	AU	Student	236	31	0.38	Desktop	0	1	0
3087	Male	26	DE	Family	110	58	0.19	Desktop	0	1	1
3088	Male	18	AU	Premium	27	58	0.11	Desktop	0	1	0
3089	Female	50	IN	Free	40	88	0.2	Desktop	35	0	1
3090	Other	42	PK	Student	127	97	0.49	Desktop	0	1	0
3091	Female	40	FR	Family	213	29	0.18	Desktop	0	1	1
3092	Female	50	UK	Student	207	31	0.24	Desktop	0	1	0
3093	Male	28	US	Student	88	44	0.49	Web	0	1	0
3094	Female	36	CA	Free	293	77	0.54	Desktop	22	0	0
3095	Male	24	FR	Free	191	85	0.5	Desktop	44	0	0
3096	Female	48	CA	Family	272	71	0.06	Desktop	0	1	0
3097	Other	43	UK	Premium	196	78	0.44	Mobile	0	1	0
3098	Female	22	IN	Free	129	76	0.17	Mobile	17	0	0
3099	Male	35	AU	Student	76	84	0.14	Web	0	1	0
3100	Female	47	UK	Premium	135	68	0.5	Desktop	0	1	0
3101	Other	30	PK	Free	42	99	0.05	Web	35	0	0
3102	Female	37	UK	Family	220	58	0.06	Desktop	0	1	0
3103	Other	36	AU	Free	118	26	0.53	Desktop	41	0	0
3104	Male	39	CA	Free	244	87	0.15	Desktop	33	0	0
3105	Female	55	US	Premium	144	31	0.09	Web	0	1	1
3106	Female	18	DE	Family	192	89	0.22	Mobile	0	1	1
3107	Female	19	PK	Premium	279	85	0.12	Mobile	0	1	0
3108	Other	50	CA	Free	209	21	0.35	Mobile	21	0	0
3109	Male	57	IN	Student	248	72	0.2	Mobile	0	1	0
3110	Female	51	FR	Premium	46	82	0.22	Mobile	0	1	0
3111	Female	34	IN	Premium	33	68	0.23	Mobile	0	1	0
3112	Female	23	PK	Student	53	85	0.21	Web	0	1	0
3113	Other	32	US	Free	82	10	0.29	Mobile	22	0	0
3114	Female	37	DE	Premium	244	39	0.18	Web	0	1	0
3115	Male	21	FR	Family	285	80	0.29	Desktop	0	1	1
3116	Other	43	CA	Premium	14	63	0.5	Mobile	0	1	1
3117	Male	38	FR	Free	205	71	0.23	Web	11	0	0
3118	Male	59	US	Student	151	61	0.07	Mobile	0	1	1
3119	Other	20	FR	Premium	185	22	0.45	Mobile	0	1	0
3120	Female	52	US	Student	10	34	0.38	Mobile	0	1	0
3121	Female	40	CA	Free	141	79	0.46	Web	41	0	1
3122	Other	28	IN	Free	110	49	0.43	Mobile	13	0	1
3123	Female	49	IN	Premium	148	52	0.56	Desktop	0	1	0
3124	Female	26	AU	Premium	77	48	0.12	Desktop	0	1	0
3125	Other	16	IN	Family	122	46	0.21	Web	0	1	0
3126	Female	37	DE	Premium	81	2	0.32	Mobile	0	1	0
3127	Other	46	PK	Free	190	88	0.41	Mobile	26	0	0
3128	Male	40	IN	Premium	111	89	0.25	Desktop	0	1	0
3129	Other	41	CA	Family	68	8	0.19	Desktop	0	1	0
3130	Male	38	AU	Premium	51	35	0.06	Desktop	0	1	0
3131	Male	51	UK	Family	102	55	0.53	Web	0	1	0
3132	Female	23	US	Family	273	14	0.12	Mobile	0	1	0
3133	Other	18	FR	Student	74	30	0.38	Desktop	0	1	0
3134	Male	34	PK	Family	200	17	0.31	Desktop	0	1	1
3135	Female	28	US	Premium	248	81	0.08	Web	0	1	0
3136	Other	51	CA	Student	127	62	0.17	Desktop	0	1	1
3137	Female	54	FR	Student	231	79	0.48	Web	0	1	0
3138	Male	26	IN	Family	88	12	0.32	Mobile	0	1	0
3139	Other	27	IN	Premium	226	15	0.07	Mobile	0	1	0
3140	Female	41	US	Family	246	65	0.44	Desktop	0	1	0
3141	Male	49	AU	Family	177	57	0.46	Desktop	0	1	1
3142	Other	21	UK	Free	203	70	0.56	Desktop	20	0	1
3143	Other	31	DE	Student	49	39	0.54	Mobile	0	1	0
3144	Other	55	UK	Free	251	88	0.49	Mobile	37	0	0
3145	Female	16	PK	Family	215	58	0.48	Mobile	0	1	1
3146	Male	45	IN	Family	149	9	0.19	Desktop	0	1	0
3147	Other	48	PK	Family	70	50	0.32	Web	0	1	1
3148	Male	21	IN	Student	39	68	0.53	Desktop	0	1	1
3149	Male	21	IN	Premium	200	94	0.41	Web	0	1	1
3150	Other	19	FR	Premium	266	17	0.52	Mobile	0	1	0
3151	Male	35	AU	Free	129	59	0.02	Mobile	32	0	0
3152	Female	35	FR	Student	242	34	0.57	Web	0	1	0
3153	Female	52	US	Family	114	50	0.47	Web	0	1	1
3154	Male	52	UK	Premium	132	80	0.49	Desktop	0	1	0
3155	Other	53	US	Free	100	42	0.01	Mobile	21	0	1
3156	Other	35	CA	Premium	26	44	0.34	Desktop	0	1	1
3157	Male	35	UK	Family	180	41	0.04	Mobile	0	1	1
3158	Other	17	PK	Student	277	28	0.45	Web	0	1	0
3159	Female	48	CA	Family	185	94	0.38	Mobile	0	1	0
3160	Female	59	US	Family	113	33	0.4	Mobile	0	1	0
3161	Male	51	FR	Student	251	10	0.12	Desktop	0	1	0
3162	Other	25	PK	Free	100	63	0.46	Desktop	37	0	0
3163	Male	18	IN	Student	163	64	0.04	Mobile	0	1	0
3164	Female	43	CA	Student	66	20	0.16	Mobile	0	1	0
3165	Female	18	UK	Free	243	37	0.53	Mobile	21	0	0
3166	Female	20	AU	Student	135	31	0.11	Desktop	0	1	1
3167	Female	36	PK	Student	213	48	0.35	Mobile	0	1	1
3168	Female	16	CA	Free	24	19	0.5	Mobile	46	0	0
3169	Male	38	CA	Free	85	67	0.4	Mobile	13	0	0
3170	Male	24	DE	Student	212	61	0.07	Mobile	0	1	0
3171	Other	22	AU	Free	256	18	0.02	Desktop	48	0	0
3172	Other	30	UK	Premium	23	32	0.42	Desktop	0	1	0
3173	Female	18	AU	Premium	281	81	0.2	Web	0	1	1
3174	Female	24	PK	Premium	138	7	0.54	Web	0	1	0
3175	Female	27	UK	Family	247	46	0.46	Web	0	1	1
3176	Female	37	FR	Family	64	97	0.21	Web	0	1	0
3177	Male	44	DE	Student	242	22	0.48	Mobile	0	1	0
3178	Male	24	FR	Family	51	78	0.54	Desktop	0	1	0
3179	Other	37	FR	Family	100	17	0.07	Web	0	1	0
3180	Other	41	US	Premium	213	3	0.14	Web	0	1	0
3181	Other	44	UK	Premium	287	96	0.4	Web	0	1	0
3182	Female	37	UK	Free	38	5	0.48	Desktop	40	0	0
3183	Female	54	US	Premium	106	61	0.57	Desktop	0	1	0
3184	Other	33	CA	Premium	174	85	0.46	Web	0	1	0
3185	Other	32	UK	Premium	157	97	0.09	Mobile	0	1	0
3186	Female	25	CA	Free	263	36	0.19	Web	11	0	0
3187	Male	22	AU	Student	165	43	0.18	Desktop	0	1	1
3188	Other	53	DE	Student	34	37	0.05	Web	0	1	0
3189	Other	36	FR	Family	122	10	0.31	Web	0	1	0
3190	Other	22	US	Family	236	4	0.53	Web	0	1	1
3191	Female	42	PK	Family	31	72	0.36	Mobile	0	1	0
3192	Female	45	US	Student	104	66	0.12	Desktop	0	1	1
3193	Male	34	FR	Free	64	34	0.5	Mobile	16	0	0
3194	Female	39	UK	Family	37	9	0.23	Mobile	0	1	0
3195	Male	22	US	Family	282	93	0.1	Mobile	0	1	0
3196	Female	48	CA	Free	291	55	0.1	Desktop	31	0	1
3197	Male	29	FR	Family	154	98	0.58	Mobile	0	1	0
3198	Male	16	AU	Family	71	57	0.54	Desktop	0	1	0
3199	Male	42	DE	Student	107	38	0.15	Mobile	0	1	0
3200	Male	27	CA	Premium	91	74	0.3	Mobile	0	1	1
3201	Other	32	IN	Family	54	99	0.4	Web	0	1	0
3202	Male	29	UK	Family	195	74	0.34	Mobile	0	1	1
3203	Other	29	PK	Premium	222	70	0.32	Mobile	0	1	1
3204	Other	33	IN	Premium	184	94	0.15	Mobile	0	1	0
3205	Male	23	IN	Premium	218	90	0.38	Web	0	1	0
3206	Male	59	US	Free	260	58	0.41	Desktop	5	0	1
3207	Other	55	US	Premium	183	81	0.44	Web	0	1	1
3208	Other	37	FR	Free	46	26	0.44	Mobile	40	0	0
3209	Female	48	DE	Premium	148	56	0.6	Web	0	1	1
3210	Other	23	AU	Premium	71	15	0.03	Mobile	0	1	0
3211	Male	17	FR	Family	31	50	0.45	Desktop	0	1	0
3212	Female	40	US	Family	36	25	0.26	Web	0	1	0
3213	Other	58	DE	Family	29	5	0.07	Web	0	1	1
3214	Other	57	US	Student	201	53	0.14	Desktop	0	1	0
3215	Female	55	AU	Premium	102	53	0.03	Desktop	0	1	0
3216	Female	16	AU	Family	262	52	0.57	Desktop	0	1	1
3217	Male	56	CA	Premium	98	12	0.56	Web	0	1	1
3218	Female	27	US	Free	226	20	0.53	Mobile	13	0	1
3219	Female	29	IN	Family	273	6	0.21	Desktop	0	1	0
3220	Other	55	FR	Student	286	39	0.2	Mobile	0	1	0
3221	Female	19	DE	Student	24	94	0.25	Web	0	1	0
3222	Other	38	UK	Premium	267	34	0.44	Mobile	0	1	0
3223	Other	44	PK	Free	270	37	0.07	Mobile	31	0	1
3224	Male	19	CA	Family	168	49	0.43	Mobile	0	1	0
3225	Female	22	UK	Premium	258	66	0.04	Web	0	1	0
3226	Male	56	IN	Premium	121	61	0.57	Mobile	0	1	0
3227	Other	42	DE	Premium	113	54	0.36	Desktop	0	1	1
3228	Female	53	IN	Student	61	35	0.35	Mobile	0	1	1
3229	Male	46	CA	Family	86	98	0.23	Desktop	0	1	0
3230	Other	55	UK	Premium	173	73	0.28	Mobile	0	1	0
3231	Female	21	UK	Premium	65	63	0.35	Mobile	0	1	0
3232	Other	23	US	Free	230	92	0.22	Web	18	0	1
3233	Female	20	IN	Free	289	82	0.31	Desktop	18	0	0
3234	Female	40	FR	Student	150	96	0.04	Desktop	0	1	0
3235	Other	35	CA	Student	27	75	0.15	Mobile	0	1	0
3236	Female	30	PK	Family	30	64	0.3	Desktop	0	1	0
3237	Male	20	IN	Family	269	96	0.34	Mobile	0	1	0
3238	Male	47	FR	Family	237	29	0.58	Web	0	1	0
3239	Female	59	PK	Premium	123	59	0.23	Desktop	0	1	1
3240	Other	41	DE	Premium	149	22	0.16	Web	0	1	0
3241	Female	18	UK	Premium	286	49	0.46	Web	0	1	0
3242	Female	58	UK	Student	45	59	0.49	Desktop	0	1	0
3243	Male	27	US	Student	65	62	0.1	Mobile	0	1	0
3244	Other	45	US	Family	262	16	0.45	Web	0	1	0
3245	Male	38	IN	Free	262	82	0.45	Desktop	46	0	0
3246	Male	33	CA	Premium	134	34	0.04	Desktop	0	1	0
3247	Female	32	AU	Family	280	25	0.07	Mobile	0	1	0
3248	Other	26	AU	Student	36	89	0.4	Desktop	0	1	0
3249	Female	51	DE	Free	12	53	0.05	Mobile	14	0	1
3250	Female	41	UK	Free	296	42	0.15	Mobile	37	0	0
3251	Male	26	AU	Family	109	41	0.51	Web	0	1	1
3252	Male	48	IN	Premium	172	36	0.27	Mobile	0	1	1
3253	Other	19	PK	Premium	118	54	0.11	Mobile	0	1	0
3254	Other	32	DE	Free	27	70	0.3	Web	34	0	0
3255	Male	35	AU	Free	263	16	0.39	Mobile	21	0	0
3256	Other	17	DE	Free	227	66	0.34	Web	44	0	1
3257	Other	20	IN	Student	159	92	0.34	Web	0	1	0
3258	Other	25	UK	Free	276	9	0.59	Web	37	0	0
3259	Female	47	FR	Premium	147	38	0.21	Web	0	1	0
3260	Male	47	DE	Premium	111	63	0.22	Desktop	0	1	1
3261	Other	27	AU	Student	275	46	0.17	Mobile	0	1	0
3262	Male	50	DE	Student	19	72	0.51	Mobile	0	1	1
3263	Other	47	IN	Premium	82	31	0.52	Web	0	1	0
3264	Male	31	FR	Student	294	86	0.25	Desktop	0	1	0
3265	Male	45	IN	Family	183	27	0.06	Desktop	0	1	0
3266	Female	20	UK	Premium	200	67	0.16	Mobile	0	1	0
3267	Other	47	UK	Family	234	10	0.47	Web	0	1	0
3268	Other	33	US	Family	94	49	0.58	Mobile	0	1	0
3269	Female	43	DE	Family	130	49	0.1	Mobile	0	1	0
3270	Female	30	IN	Free	41	11	0.59	Mobile	5	0	1
3271	Other	59	PK	Student	131	39	0.54	Web	0	1	0
3272	Female	50	PK	Student	231	90	0.06	Mobile	0	1	0
3273	Male	28	US	Free	170	25	0.16	Web	32	0	0
3274	Other	47	UK	Family	22	30	0.17	Mobile	0	1	0
3275	Female	41	FR	Family	260	73	0.38	Desktop	0	1	0
3276	Other	56	PK	Student	74	65	0.51	Mobile	0	1	1
3277	Male	23	UK	Family	112	82	0	Web	0	1	1
3278	Female	58	PK	Student	91	17	0.1	Desktop	0	1	0
3279	Female	49	DE	Free	74	12	0.49	Web	6	0	0
3280	Male	43	PK	Premium	33	9	0.45	Web	0	1	0
3281	Female	16	US	Family	228	21	0.2	Web	0	1	0
3282	Other	59	CA	Family	162	7	0.47	Desktop	0	1	1
3283	Other	22	CA	Student	192	30	0.29	Mobile	0	1	0
3284	Male	40	US	Free	14	55	0.11	Desktop	24	0	0
3285	Female	24	IN	Student	198	81	0.44	Web	0	1	1
3286	Female	35	FR	Premium	259	47	0.05	Web	0	1	0
3287	Female	24	PK	Family	204	68	0.48	Mobile	0	1	1
3288	Other	41	IN	Family	291	70	0.44	Mobile	0	1	1
3289	Female	39	IN	Student	132	57	0.5	Web	0	1	1
3290	Male	21	FR	Family	58	59	0.42	Desktop	0	1	1
3291	Other	37	CA	Family	271	8	0.59	Web	0	1	1
3292	Male	51	PK	Student	11	58	0.38	Desktop	0	1	0
3293	Female	16	FR	Free	212	67	0.38	Desktop	18	0	0
3294	Other	50	CA	Premium	272	1	0.16	Desktop	0	1	1
3295	Male	42	UK	Free	86	4	0.2	Desktop	29	0	0
3296	Female	21	IN	Student	103	87	0.38	Mobile	0	1	0
3297	Other	41	IN	Student	33	60	0.24	Web	0	1	0
3298	Female	21	US	Student	190	8	0.36	Desktop	0	1	0
3299	Other	58	FR	Family	266	52	0.57	Web	0	1	0
3300	Female	39	FR	Free	232	45	0.22	Web	12	0	1
3301	Other	42	AU	Student	24	70	0.17	Mobile	0	1	0
3302	Male	21	CA	Student	242	18	0.12	Desktop	0	1	0
3303	Male	44	PK	Free	274	29	0.14	Desktop	17	0	0
3304	Female	54	IN	Free	20	50	0.31	Mobile	15	0	1
3305	Female	19	IN	Student	128	56	0.26	Web	0	1	0
3306	Female	44	AU	Free	77	39	0.53	Web	18	0	1
3307	Male	42	CA	Student	245	81	0.46	Mobile	0	1	1
3308	Other	52	PK	Premium	269	53	0.07	Desktop	0	1	0
3309	Male	49	PK	Student	256	96	0.16	Desktop	0	1	0
3310	Female	41	DE	Student	229	79	0.53	Desktop	0	1	1
3311	Other	58	IN	Free	113	62	0.48	Web	31	0	0
3312	Female	33	DE	Premium	253	98	0.22	Mobile	0	1	0
3313	Other	57	UK	Student	72	42	0.39	Web	0	1	0
3314	Male	40	US	Family	84	86	0.31	Web	0	1	1
3315	Male	37	IN	Family	212	92	0.56	Desktop	0	1	0
3316	Female	21	AU	Premium	151	66	0.51	Desktop	0	1	0
3317	Other	49	FR	Family	155	13	0.32	Desktop	0	1	1
3318	Male	33	US	Student	278	70	0.24	Web	0	1	0
3319	Male	33	UK	Free	45	64	0.12	Desktop	39	0	0
3320	Other	28	AU	Family	72	57	0.54	Mobile	0	1	0
3321	Male	53	PK	Family	136	85	0.4	Mobile	0	1	0
3322	Male	40	DE	Premium	197	18	0.08	Mobile	0	1	0
3323	Other	33	IN	Student	298	7	0.28	Web	0	1	1
3324	Female	45	UK	Family	214	72	0.18	Desktop	0	1	0
3325	Other	24	CA	Free	150	53	0.21	Web	44	0	0
3326	Female	26	UK	Premium	194	64	0.09	Mobile	0	1	0
3327	Male	49	UK	Family	234	58	0.4	Web	0	1	0
3328	Female	47	IN	Student	25	60	0.23	Desktop	0	1	0
3329	Other	22	PK	Free	217	74	0.55	Mobile	13	0	0
3330	Female	57	FR	Free	75	62	0.49	Mobile	44	0	0
3331	Male	42	US	Free	204	32	0.05	Web	36	0	1
3332	Other	55	IN	Student	33	99	0.48	Desktop	0	1	1
3333	Male	53	FR	Student	299	71	0.03	Desktop	0	1	0
3334	Male	21	UK	Free	183	51	0.55	Desktop	21	0	0
3335	Female	51	CA	Premium	225	38	0.22	Desktop	0	1	0
3336	Other	40	IN	Student	297	85	0.38	Mobile	0	1	1
3337	Female	30	FR	Premium	101	35	0.41	Desktop	0	1	0
3338	Other	17	US	Premium	93	49	0.54	Web	0	1	1
3339	Male	56	UK	Free	287	21	0.29	Web	34	0	1
3340	Male	37	AU	Family	33	58	0.1	Desktop	0	1	0
3341	Female	18	US	Premium	156	82	0.03	Mobile	0	1	1
3342	Other	29	DE	Family	245	72	0.22	Web	0	1	0
3343	Other	33	CA	Free	298	86	0.26	Mobile	24	0	0
3344	Male	32	US	Student	186	35	0.5	Desktop	0	1	0
3345	Male	21	CA	Premium	291	45	0.24	Web	0	1	1
3346	Other	52	AU	Free	226	6	0.3	Web	18	0	1
3347	Other	43	PK	Student	193	70	0.08	Desktop	0	1	0
3348	Female	45	IN	Premium	147	48	0.57	Desktop	0	1	0
3349	Other	59	DE	Free	206	23	0.29	Web	9	0	0
3350	Male	45	IN	Free	43	80	0.49	Mobile	13	0	1
3351	Other	35	CA	Free	211	50	0.29	Desktop	12	0	0
3352	Female	16	FR	Premium	88	60	0.41	Mobile	0	1	0
3353	Other	46	DE	Family	22	92	0.53	Mobile	0	1	0
3354	Male	56	US	Student	209	70	0.48	Mobile	0	1	0
3355	Male	34	PK	Family	93	86	0.22	Web	0	1	0
3356	Other	54	CA	Family	184	9	0.37	Web	0	1	1
3357	Other	52	CA	Free	169	35	0.33	Web	34	0	0
3358	Male	49	CA	Free	142	22	0.42	Web	12	0	1
3359	Other	54	UK	Premium	69	78	0.13	Desktop	0	1	0
3360	Other	22	DE	Student	158	52	0.13	Mobile	0	1	0
3361	Female	41	IN	Student	214	11	0.18	Web	0	1	0
3362	Male	17	US	Free	66	19	0.06	Desktop	49	0	0
3363	Male	23	CA	Student	152	57	0.28	Desktop	0	1	1
3364	Other	23	UK	Premium	179	38	0.43	Desktop	0	1	0
3365	Other	24	IN	Student	213	23	0.3	Desktop	0	1	0
3366	Female	55	US	Premium	198	87	0.16	Web	0	1	0
3367	Male	32	AU	Family	25	28	0.44	Web	0	1	0
3368	Female	38	AU	Family	85	37	0.15	Mobile	0	1	1
3369	Male	35	UK	Free	170	78	0.28	Desktop	39	0	0
3370	Other	35	IN	Premium	80	60	0.56	Desktop	0	1	0
3371	Female	40	US	Free	204	12	0.54	Desktop	31	0	1
3372	Female	36	IN	Free	221	32	0.02	Mobile	36	0	0
3373	Male	49	AU	Free	73	93	0.45	Desktop	20	0	1
3374	Other	40	IN	Premium	260	33	0.32	Desktop	0	1	0
3375	Female	38	PK	Student	248	65	0.57	Mobile	0	1	0
3376	Male	55	US	Student	235	60	0.13	Web	0	1	1
3377	Female	33	PK	Free	83	71	0.21	Desktop	46	0	1
3378	Male	29	US	Premium	298	85	0.22	Desktop	0	1	1
3379	Other	33	UK	Free	39	69	0.39	Mobile	22	0	0
3380	Female	16	AU	Free	232	26	0.09	Web	26	0	1
3381	Female	48	CA	Premium	125	37	0.3	Desktop	0	1	0
3382	Male	33	CA	Premium	17	89	0.07	Desktop	0	1	0
3383	Other	50	DE	Family	88	20	0.23	Mobile	0	1	0
3384	Male	24	FR	Student	110	6	0.3	Web	0	1	1
3385	Female	21	AU	Student	262	18	0.03	Desktop	0	1	0
3386	Female	55	PK	Family	256	99	0.5	Web	0	1	0
3387	Other	47	US	Premium	73	2	0.03	Mobile	0	1	0
3388	Male	59	PK	Student	120	83	0.17	Web	0	1	0
3389	Other	49	PK	Student	36	58	0.49	Mobile	0	1	0
3390	Other	50	FR	Student	285	81	0.17	Desktop	0	1	0
3391	Male	27	FR	Student	153	47	0.32	Web	0	1	0
3392	Male	31	PK	Family	148	7	0.18	Desktop	0	1	0
3393	Female	18	UK	Free	201	68	0.52	Desktop	12	0	0
3394	Female	55	IN	Premium	13	54	0.26	Mobile	0	1	0
3395	Male	23	FR	Premium	132	45	0.12	Web	0	1	0
3396	Male	33	CA	Family	165	51	0.52	Web	0	1	1
3397	Other	35	CA	Student	272	61	0.04	Desktop	0	1	0
3398	Other	57	IN	Family	161	19	0.32	Desktop	0	1	0
3399	Male	57	US	Family	189	59	0.59	Web	0	1	0
3400	Male	48	FR	Free	100	52	0.31	Web	13	0	0
3401	Female	37	UK	Family	57	93	0.08	Web	0	1	1
3402	Male	38	FR	Family	90	12	0.41	Desktop	0	1	0
3403	Male	17	UK	Family	53	54	0.24	Desktop	0	1	1
3404	Male	59	AU	Premium	230	63	0.25	Desktop	0	1	0
3405	Female	24	US	Premium	24	22	0.15	Mobile	0	1	0
3406	Other	51	UK	Free	211	2	0.1	Web	6	0	0
3407	Other	50	DE	Family	79	89	0.2	Desktop	0	1	0
3408	Female	55	CA	Student	252	63	0.02	Desktop	0	1	0
3409	Other	16	FR	Family	153	85	0.15	Desktop	0	1	0
3410	Other	22	CA	Student	111	50	0.4	Web	0	1	0
3411	Female	21	PK	Student	260	54	0.36	Mobile	0	1	1
3412	Other	43	US	Student	250	60	0.37	Desktop	0	1	0
3413	Other	19	AU	Premium	163	58	0.58	Mobile	0	1	0
3414	Female	43	PK	Premium	197	13	0.54	Mobile	0	1	0
3415	Male	27	AU	Free	140	15	0.57	Desktop	40	0	0
3416	Other	38	IN	Premium	37	64	0.35	Web	0	1	1
3417	Other	41	AU	Family	212	52	0.25	Web	0	1	1
3418	Female	40	AU	Premium	11	70	0.46	Web	0	1	0
3419	Female	38	DE	Student	13	49	0.04	Desktop	0	1	0
3420	Female	30	FR	Student	70	42	0.01	Desktop	0	1	0
3421	Other	54	UK	Free	197	39	0.34	Mobile	29	0	0
3422	Male	42	IN	Student	183	1	0.04	Mobile	0	1	1
3423	Male	42	AU	Premium	226	42	0.11	Mobile	0	1	0
3424	Female	52	US	Free	145	55	0.22	Desktop	16	0	0
3425	Male	24	CA	Student	195	63	0.37	Web	0	1	0
3426	Female	50	CA	Student	294	71	0.48	Desktop	0	1	0
3427	Female	29	US	Free	189	54	0.26	Desktop	34	0	0
3428	Female	28	UK	Family	77	4	0.06	Mobile	0	1	1
3429	Male	26	AU	Student	147	18	0.13	Desktop	0	1	0
3430	Other	19	PK	Free	129	27	0.51	Web	33	0	0
3431	Male	53	DE	Student	273	27	0.5	Desktop	0	1	0
3432	Male	56	IN	Free	43	21	0.13	Desktop	45	0	0
3433	Male	19	DE	Free	19	88	0	Web	41	0	0
3434	Female	58	UK	Family	183	33	0.5	Mobile	0	1	1
3435	Female	21	PK	Family	13	61	0.26	Desktop	0	1	0
3436	Male	22	PK	Family	14	75	0.59	Web	0	1	0
3437	Other	30	IN	Free	272	80	0.04	Desktop	18	0	0
3438	Female	42	DE	Free	259	5	0.32	Mobile	17	0	1
3439	Male	54	IN	Free	19	80	0.38	Desktop	44	0	0
3440	Male	36	US	Student	210	13	0.03	Web	0	1	0
3441	Other	40	US	Student	275	21	0.26	Desktop	0	1	0
3442	Other	42	UK	Family	197	42	0.54	Mobile	0	1	0
3443	Other	47	PK	Family	96	74	0.16	Mobile	0	1	0
3444	Female	31	UK	Premium	239	34	0.35	Mobile	0	1	0
3445	Other	16	IN	Premium	133	10	0.4	Web	0	1	0
3446	Male	18	AU	Student	294	85	0.31	Web	0	1	1
3447	Male	57	US	Premium	209	98	0.38	Desktop	0	1	0
3448	Female	40	DE	Premium	12	5	0.07	Desktop	0	1	0
3449	Other	58	DE	Free	155	39	0.14	Desktop	24	0	0
3450	Female	22	UK	Free	98	83	0.5	Mobile	13	0	0
3451	Other	22	AU	Family	185	92	0.21	Desktop	0	1	1
3452	Other	48	CA	Student	57	92	0.12	Desktop	0	1	0
3453	Other	42	AU	Premium	85	12	0.27	Desktop	0	1	0
3454	Other	39	DE	Free	113	79	0.27	Web	20	0	0
3455	Other	40	AU	Premium	200	68	0.46	Desktop	0	1	1
3456	Male	19	AU	Student	152	2	0.04	Desktop	0	1	1
3457	Male	55	DE	Premium	50	77	0.24	Mobile	0	1	0
3458	Male	35	UK	Family	73	56	0.2	Mobile	0	1	0
3459	Female	59	US	Premium	99	16	0.19	Mobile	0	1	0
3460	Male	28	PK	Premium	30	14	0.18	Mobile	0	1	0
3461	Female	45	PK	Family	125	90	0.09	Desktop	0	1	1
3462	Male	26	FR	Premium	269	86	0.32	Mobile	0	1	1
3463	Male	55	IN	Free	141	69	0.19	Web	17	0	0
3464	Male	49	PK	Family	54	56	0.39	Desktop	0	1	0
3465	Female	21	PK	Student	146	16	0.08	Mobile	0	1	1
3466	Other	25	CA	Family	282	44	0.4	Mobile	0	1	0
3467	Male	49	PK	Student	85	62	0.01	Web	0	1	0
3468	Male	41	US	Free	75	7	0.38	Desktop	35	0	1
3469	Female	52	CA	Free	191	6	0.42	Web	45	0	1
3470	Other	34	IN	Student	187	65	0.25	Web	0	1	1
3471	Other	16	PK	Free	195	96	0.14	Desktop	37	0	0
3472	Female	46	AU	Free	37	69	0.46	Mobile	32	0	0
3473	Male	17	IN	Premium	65	28	0.25	Web	0	1	1
3474	Female	43	IN	Free	100	72	0.17	Desktop	14	0	0
3475	Male	44	IN	Family	134	76	0.43	Web	0	1	1
3476	Female	26	CA	Family	60	85	0.26	Web	0	1	0
3477	Other	27	DE	Family	261	83	0.51	Web	0	1	1
3478	Other	20	FR	Premium	298	65	0.4	Desktop	0	1	0
3479	Female	48	FR	Family	58	18	0.02	Web	0	1	0
3480	Other	48	AU	Free	104	33	0.56	Web	22	0	0
3481	Female	24	DE	Family	185	49	0.11	Web	0	1	1
3482	Male	34	US	Family	235	94	0.46	Mobile	0	1	0
3483	Female	42	CA	Free	232	1	0.57	Desktop	49	0	0
3484	Other	31	AU	Premium	153	19	0.39	Web	0	1	1
3485	Female	48	IN	Family	176	19	0.23	Desktop	0	1	1
3486	Female	35	US	Premium	210	7	0.33	Web	0	1	0
3487	Other	53	IN	Family	103	40	0.32	Mobile	0	1	0
3488	Male	19	DE	Premium	41	10	0.37	Web	0	1	0
3489	Female	59	DE	Free	16	20	0.53	Desktop	13	0	1
3490	Other	33	US	Family	256	7	0.11	Web	0	1	0
3491	Other	50	PK	Premium	236	55	0.1	Desktop	0	1	0
3492	Other	36	FR	Free	198	20	0.46	Web	7	0	1
3493	Male	49	UK	Free	233	62	0.26	Web	32	0	0
3494	Other	48	IN	Premium	130	66	0.55	Desktop	0	1	1
3495	Female	31	US	Student	235	25	0.01	Web	0	1	0
3496	Other	51	PK	Family	88	92	0.6	Mobile	0	1	0
3497	Female	17	UK	Premium	41	6	0.56	Web	0	1	0
3498	Female	20	UK	Student	103	19	0.33	Mobile	0	1	1
3499	Male	16	DE	Family	218	68	0.25	Mobile	0	1	1
3500	Other	45	AU	Premium	238	66	0.06	Web	0	1	0
3501	Male	19	AU	Student	154	99	0.27	Desktop	0	1	0
3502	Other	39	AU	Student	149	41	0.43	Desktop	0	1	0
3503	Male	31	UK	Family	248	71	0.07	Web	0	1	0
3504	Female	48	IN	Family	272	85	0.58	Desktop	0	1	0
3505	Male	36	US	Free	231	96	0.58	Mobile	25	0	1
3506	Male	56	IN	Student	108	69	0.54	Web	0	1	0
3507	Male	52	FR	Student	267	7	0.34	Desktop	0	1	0
3508	Male	59	PK	Premium	238	40	0.09	Desktop	0	1	0
3509	Other	58	US	Family	195	55	0.07	Mobile	0	1	0
3510	Male	57	FR	Premium	212	46	0.18	Web	0	1	1
3511	Other	29	AU	Free	169	32	0.26	Web	27	0	0
3512	Male	50	UK	Free	204	92	0.15	Web	26	0	1
3513	Male	34	DE	Premium	144	56	0.12	Desktop	0	1	1
3514	Other	18	US	Premium	205	83	0.23	Desktop	0	1	0
3515	Male	31	UK	Family	275	78	0.19	Mobile	0	1	0
3516	Female	23	UK	Student	245	2	0.06	Web	0	1	0
3517	Female	54	DE	Student	282	69	0.07	Desktop	0	1	0
3518	Other	43	PK	Student	144	44	0.34	Web	0	1	0
3519	Male	52	CA	Student	146	63	0.16	Web	0	1	0
3520	Male	55	UK	Free	266	74	0.01	Mobile	7	0	0
3521	Other	46	UK	Premium	90	3	0.07	Web	0	1	1
3522	Other	45	US	Premium	136	20	0.33	Desktop	0	1	1
3523	Male	19	DE	Family	113	92	0.26	Mobile	0	1	1
3524	Female	49	UK	Student	61	34	0.43	Mobile	0	1	0
3525	Other	58	IN	Family	231	87	0.45	Mobile	0	1	0
3526	Male	52	FR	Family	192	84	0.06	Desktop	0	1	1
3527	Male	24	CA	Free	291	43	0.05	Desktop	25	0	1
3528	Male	47	US	Premium	204	52	0.04	Desktop	0	1	1
3529	Male	42	DE	Free	37	98	0.26	Desktop	30	0	0
3530	Female	16	PK	Free	145	48	0.52	Desktop	44	0	0
3531	Male	55	IN	Premium	87	23	0.58	Desktop	0	1	0
3532	Male	50	IN	Family	41	4	0.46	Web	0	1	0
3533	Female	29	CA	Family	51	55	0.48	Web	0	1	0
3534	Male	29	UK	Student	114	83	0.13	Web	0	1	1
3535	Other	35	PK	Student	41	76	0.51	Mobile	0	1	1
3536	Other	48	PK	Premium	260	33	0.53	Desktop	0	1	0
3537	Other	38	FR	Premium	123	4	0.53	Web	0	1	0
3538	Female	41	DE	Premium	80	29	0.16	Desktop	0	1	1
3539	Female	50	UK	Family	85	64	0.14	Desktop	0	1	0
3540	Female	45	CA	Family	266	84	0.17	Web	0	1	0
3541	Other	42	US	Family	230	62	0.3	Web	0	1	0
3542	Other	29	PK	Free	298	35	0.24	Mobile	10	0	0
3543	Male	37	DE	Free	278	70	0.18	Mobile	21	0	0
3544	Female	19	IN	Premium	214	83	0.15	Desktop	0	1	0
3545	Other	57	FR	Student	157	7	0.39	Desktop	0	1	0
3546	Male	43	UK	Free	78	3	0.32	Desktop	33	0	0
3547	Female	40	US	Family	257	50	0.38	Desktop	0	1	0
3548	Female	30	US	Student	58	87	0.46	Web	0	1	0
3549	Female	33	PK	Premium	75	8	0.24	Web	0	1	0
3550	Male	56	DE	Family	256	40	0.53	Web	0	1	1
3551	Female	21	AU	Student	235	80	0.04	Web	0	1	0
3552	Female	26	CA	Free	122	2	0.36	Web	31	0	0
3553	Other	36	FR	Premium	285	97	0.09	Web	0	1	0
3554	Other	27	IN	Family	178	82	0.01	Desktop	0	1	0
3555	Female	20	CA	Student	270	82	0.03	Mobile	0	1	0
3556	Male	38	FR	Free	74	47	0.19	Web	23	0	0
3557	Male	29	US	Student	223	57	0.15	Mobile	0	1	0
3558	Other	46	PK	Student	132	75	0.12	Web	0	1	0
3559	Female	52	US	Family	230	45	0.03	Desktop	0	1	0
3560	Female	23	PK	Premium	23	97	0.16	Web	0	1	0
3561	Male	18	CA	Free	116	85	0.19	Web	29	0	1
3562	Male	44	FR	Premium	43	32	0.12	Desktop	0	1	0
3563	Other	49	AU	Free	231	82	0.11	Desktop	36	0	0
3564	Other	27	CA	Premium	275	3	0.49	Web	0	1	0
3565	Other	45	US	Student	153	2	0.15	Desktop	0	1	0
3566	Other	22	DE	Free	278	40	0.25	Mobile	33	0	0
3567	Female	57	FR	Family	254	72	0.07	Desktop	0	1	0
3568	Other	34	DE	Family	42	16	0.5	Desktop	0	1	1
3569	Other	36	UK	Family	152	39	0.06	Desktop	0	1	0
3570	Male	45	PK	Premium	159	34	0.01	Web	0	1	0
3571	Female	45	AU	Premium	158	97	0.5	Mobile	0	1	0
3572	Male	50	DE	Family	59	37	0.43	Desktop	0	1	0
3573	Female	22	PK	Premium	272	54	0.14	Web	0	1	0
3574	Female	59	US	Student	203	66	0.48	Mobile	0	1	0
3575	Other	25	UK	Family	193	36	0.33	Web	0	1	1
3576	Male	44	AU	Free	34	74	0.19	Mobile	27	0	0
3577	Male	32	IN	Student	233	45	0.05	Desktop	0	1	0
3578	Other	57	AU	Free	69	21	0.41	Mobile	27	0	0
3579	Male	30	DE	Premium	32	38	0.16	Web	0	1	0
3580	Other	20	CA	Family	99	23	0.26	Web	0	1	0
3581	Other	23	AU	Premium	141	89	0.57	Desktop	0	1	0
3582	Female	26	CA	Free	115	12	0.11	Mobile	30	0	0
3583	Female	21	IN	Family	160	57	0.22	Mobile	0	1	0
3584	Male	33	PK	Free	104	18	0.4	Desktop	17	0	0
3585	Female	56	CA	Family	269	54	0.21	Desktop	0	1	0
3586	Female	58	IN	Premium	245	43	0.2	Web	0	1	0
3587	Other	36	IN	Family	230	15	0.58	Desktop	0	1	0
3588	Male	16	DE	Family	30	37	0.27	Mobile	0	1	0
3589	Female	44	PK	Free	279	6	0.58	Web	43	0	0
3590	Female	23	US	Student	280	46	0	Desktop	0	1	0
3591	Female	44	PK	Free	68	32	0.18	Web	35	0	1
3592	Female	44	IN	Premium	37	93	0.19	Desktop	0	1	0
3593	Female	51	US	Student	226	11	0.27	Desktop	0	1	0
3594	Other	48	DE	Family	205	49	0.55	Web	0	1	0
3595	Other	39	DE	Student	109	95	0.58	Mobile	0	1	0
3596	Other	59	UK	Free	44	36	0.29	Web	36	0	0
3597	Male	55	US	Family	258	66	0.21	Mobile	0	1	0
3598	Female	49	US	Free	211	91	0.34	Mobile	26	0	0
3599	Female	31	AU	Student	215	93	0.32	Web	0	1	0
3600	Other	43	PK	Free	218	53	0.02	Web	40	0	0
3601	Male	52	PK	Family	255	20	0.04	Desktop	0	1	0
3602	Other	35	CA	Free	218	97	0.53	Web	13	0	0
3603	Female	26	DE	Family	222	5	0.03	Web	0	1	1
3604	Male	21	FR	Family	271	52	0.39	Web	0	1	0
3605	Male	44	IN	Family	85	92	0.06	Desktop	0	1	1
3606	Male	35	CA	Premium	185	91	0.24	Mobile	0	1	0
3607	Male	45	CA	Student	66	64	0.58	Mobile	0	1	1
3608	Male	41	AU	Free	276	35	0.59	Web	43	0	1
3609	Male	41	US	Student	256	38	0.37	Desktop	0	1	0
3610	Other	25	DE	Premium	177	91	0.53	Web	0	1	0
3611	Female	58	FR	Free	103	86	0.19	Web	20	0	0
3612	Female	41	IN	Free	196	98	0.24	Mobile	13	0	0
3613	Other	30	DE	Student	178	7	0.49	Mobile	0	1	1
3614	Other	20	DE	Premium	165	32	0.19	Desktop	0	1	1
3615	Other	17	IN	Premium	132	74	0.58	Mobile	0	1	1
3616	Male	16	IN	Premium	203	15	0.24	Web	0	1	0
3617	Male	23	CA	Free	201	16	0.1	Mobile	45	0	0
3618	Female	26	IN	Premium	78	72	0.5	Web	0	1	0
3619	Male	49	DE	Family	159	15	0.07	Web	0	1	0
3620	Other	18	DE	Premium	45	16	0.1	Web	0	1	1
3621	Other	29	CA	Premium	89	1	0.21	Desktop	0	1	0
3622	Other	34	UK	Family	54	36	0.09	Desktop	0	1	0
3623	Male	46	UK	Premium	78	58	0.42	Web	0	1	0
3624	Male	57	IN	Student	176	6	0.12	Web	0	1	0
3625	Female	25	AU	Premium	74	5	0.25	Desktop	0	1	0
3626	Other	34	CA	Free	265	96	0.3	Web	20	0	0
3627	Male	45	FR	Premium	78	31	0.18	Desktop	0	1	1
3628	Female	35	US	Free	166	7	0.24	Web	11	0	0
3629	Male	50	UK	Family	254	19	0.27	Web	0	1	0
3630	Other	48	PK	Family	172	31	0.18	Mobile	0	1	0
3631	Female	17	DE	Premium	15	78	0.13	Mobile	0	1	0
3632	Female	56	DE	Premium	269	9	0.51	Web	0	1	1
3633	Male	30	US	Free	154	33	0.27	Desktop	19	0	1
3634	Male	58	CA	Family	37	53	0.05	Web	0	1	0
3635	Other	54	PK	Student	22	98	0.58	Web	0	1	0
3636	Male	27	CA	Family	54	18	0.01	Web	0	1	0
3637	Male	33	CA	Student	107	75	0.45	Web	0	1	0
3638	Other	39	UK	Free	215	11	0.52	Mobile	23	0	1
3639	Other	50	IN	Premium	124	85	0.41	Desktop	0	1	0
3640	Other	29	CA	Free	280	84	0.51	Mobile	46	0	0
3641	Other	37	AU	Student	182	48	0.34	Desktop	0	1	0
3642	Other	21	US	Free	289	63	0.2	Web	35	0	0
3643	Male	24	US	Free	42	60	0.29	Mobile	22	0	0
3644	Male	29	UK	Family	243	6	0.03	Web	0	1	0
3645	Male	16	US	Free	173	65	0.5	Web	34	0	0
3646	Male	56	UK	Premium	248	11	0.39	Web	0	1	0
3647	Male	36	FR	Premium	237	48	0.18	Web	0	1	0
3648	Female	40	FR	Premium	95	83	0.56	Mobile	0	1	0
3649	Male	38	US	Free	209	81	0.39	Web	39	0	0
3650	Female	41	DE	Student	171	67	0.43	Mobile	0	1	0
3651	Male	49	PK	Free	96	2	0.29	Mobile	15	0	0
3652	Male	26	DE	Family	227	1	0.19	Web	0	1	0
3653	Male	24	PK	Free	226	29	0.31	Mobile	35	0	0
3654	Female	29	DE	Student	102	67	0.43	Web	0	1	0
3655	Female	20	UK	Family	23	84	0.2	Mobile	0	1	0
3656	Other	37	AU	Family	187	7	0.29	Desktop	0	1	0
3657	Male	36	CA	Free	27	30	0.12	Mobile	20	0	0
3658	Male	49	AU	Free	199	19	0.26	Desktop	41	0	1
3659	Other	39	CA	Student	23	97	0.11	Web	0	1	0
3660	Female	42	CA	Premium	279	98	0.12	Mobile	0	1	0
3661	Other	47	US	Free	262	98	0.05	Desktop	33	0	0
3662	Female	45	PK	Premium	241	12	0	Desktop	0	1	0
3663	Other	42	FR	Student	170	39	0.36	Web	0	1	0
3664	Female	28	IN	Family	78	64	0.51	Desktop	0	1	0
3665	Other	24	DE	Student	219	37	0.39	Desktop	0	1	0
3666	Male	45	US	Family	116	97	0.21	Mobile	0	1	1
3667	Female	58	FR	Premium	136	12	0.36	Desktop	0	1	0
3668	Female	39	CA	Premium	275	67	0.12	Web	0	1	0
3669	Female	41	CA	Free	234	7	0.22	Web	22	0	1
3670	Other	35	AU	Family	231	81	0.01	Mobile	0	1	1
3671	Male	27	PK	Free	191	54	0.51	Mobile	36	0	0
3672	Other	21	UK	Family	213	91	0.36	Mobile	0	1	1
3673	Female	19	US	Premium	93	57	0.05	Desktop	0	1	0
3674	Other	21	DE	Student	45	67	0.45	Desktop	0	1	1
3675	Other	51	US	Student	79	98	0.02	Desktop	0	1	0
3676	Female	39	UK	Family	156	79	0.07	Desktop	0	1	0
3677	Female	25	US	Premium	125	28	0.11	Desktop	0	1	0
3678	Female	39	PK	Free	110	19	0.38	Mobile	11	0	0
3679	Male	43	IN	Family	252	59	0.06	Mobile	0	1	0
3680	Female	19	PK	Free	16	29	0.1	Mobile	26	0	0
3681	Male	30	DE	Family	116	71	0.15	Desktop	0	1	0
3682	Male	55	DE	Student	93	85	0.4	Web	0	1	1
3683	Other	46	PK	Student	64	83	0.16	Web	0	1	1
3684	Female	23	US	Premium	97	24	0.25	Mobile	0	1	0
3685	Male	33	DE	Free	274	68	0.24	Web	24	0	0
3686	Male	18	PK	Student	237	63	0.1	Desktop	0	1	0
3687	Male	47	UK	Premium	184	55	0.01	Mobile	0	1	1
3688	Female	51	PK	Premium	199	13	0.02	Mobile	0	1	0
3689	Other	16	FR	Premium	72	4	0.16	Mobile	0	1	0
3690	Female	53	CA	Student	16	79	0.44	Desktop	0	1	1
3691	Male	19	DE	Student	42	30	0.21	Web	0	1	0
3692	Male	47	PK	Family	119	33	0.32	Web	0	1	0
3693	Female	53	US	Premium	153	84	0.18	Desktop	0	1	0
3694	Other	58	IN	Free	36	53	0.44	Desktop	28	0	0
3695	Female	26	AU	Family	199	20	0.55	Desktop	0	1	1
3696	Other	29	UK	Student	50	5	0.26	Mobile	0	1	0
3697	Male	57	DE	Premium	171	46	0.57	Web	0	1	0
3698	Female	58	AU	Student	26	99	0.3	Desktop	0	1	0
3699	Other	54	AU	Premium	229	81	0.59	Web	0	1	0
3700	Female	23	AU	Family	103	35	0.39	Web	0	1	0
3701	Male	36	FR	Free	210	25	0.17	Desktop	46	0	1
3702	Female	48	DE	Free	267	50	0.59	Desktop	14	0	0
3703	Female	49	AU	Family	283	8	0.38	Desktop	0	1	0
3704	Female	34	CA	Premium	156	52	0.2	Desktop	0	1	0
3705	Female	43	PK	Free	277	9	0.48	Web	14	0	0
3706	Female	17	PK	Family	250	39	0.03	Mobile	0	1	0
3707	Female	53	AU	Student	187	38	0.04	Mobile	0	1	0
3708	Male	19	PK	Student	161	69	0.34	Mobile	0	1	0
3709	Other	29	CA	Free	28	60	0.26	Mobile	47	0	0
3710	Other	37	DE	Family	224	29	0.56	Mobile	0	1	0
3711	Other	39	AU	Student	93	92	0.01	Mobile	0	1	0
3712	Male	50	PK	Free	102	3	0.41	Mobile	13	0	0
3713	Male	30	UK	Premium	287	31	0.27	Web	0	1	1
3714	Male	27	DE	Family	135	18	0.53	Desktop	0	1	0
3715	Male	19	DE	Premium	96	42	0.41	Mobile	0	1	1
3716	Male	21	US	Free	264	95	0.24	Web	47	0	1
3717	Other	49	PK	Student	30	33	0.43	Web	0	1	0
3718	Other	32	PK	Premium	279	60	0.48	Mobile	0	1	1
3719	Other	46	CA	Free	183	64	0.4	Web	15	0	0
3720	Male	22	FR	Family	207	65	0.04	Desktop	0	1	1
3721	Male	46	US	Student	152	27	0.41	Mobile	0	1	0
3722	Other	35	IN	Premium	261	75	0.29	Mobile	0	1	1
3723	Male	42	CA	Student	122	27	0.03	Mobile	0	1	0
3724	Male	25	DE	Free	91	34	0.01	Web	24	0	0
3725	Other	58	CA	Premium	230	68	0.29	Desktop	0	1	0
3726	Female	57	AU	Free	31	60	0.11	Desktop	36	0	0
3727	Female	54	AU	Student	44	57	0.19	Mobile	0	1	1
3728	Other	45	FR	Family	233	55	0.56	Web	0	1	0
3729	Male	42	IN	Premium	299	32	0.39	Desktop	0	1	0
3730	Other	22	IN	Family	37	79	0.38	Mobile	0	1	1
3731	Female	22	IN	Free	284	23	0.07	Mobile	31	0	0
3732	Other	35	CA	Free	138	68	0.38	Mobile	12	0	1
3733	Other	26	IN	Family	112	90	0.1	Mobile	0	1	1
3734	Female	36	UK	Free	33	9	0.37	Desktop	22	0	0
3735	Female	31	PK	Student	191	81	0.08	Web	0	1	1
3736	Other	50	US	Free	183	37	0.55	Desktop	11	0	0
3737	Female	48	PK	Family	197	85	0.57	Web	0	1	0
3738	Female	54	UK	Student	36	54	0.03	Mobile	0	1	0
3739	Female	52	IN	Student	64	50	0.55	Web	0	1	0
3740	Female	17	UK	Premium	245	23	0.19	Mobile	0	1	0
3741	Male	56	CA	Premium	83	96	0.19	Web	0	1	0
3742	Male	17	PK	Family	232	48	0.53	Mobile	0	1	0
3743	Other	49	CA	Premium	278	74	0.26	Desktop	0	1	1
3744	Female	56	AU	Premium	27	35	0.48	Mobile	0	1	0
3745	Female	30	FR	Student	257	28	0.36	Mobile	0	1	0
3746	Male	21	UK	Family	36	59	0.07	Web	0	1	0
3747	Female	23	IN	Student	287	63	0.07	Desktop	0	1	0
3748	Female	55	AU	Premium	116	35	0.03	Web	0	1	0
3749	Male	48	FR	Free	234	11	0.15	Desktop	31	0	0
3750	Female	35	AU	Family	51	6	0.19	Web	0	1	0
3751	Male	43	PK	Family	287	22	0.44	Web	0	1	1
3752	Male	47	DE	Family	143	99	0.29	Desktop	0	1	0
3753	Other	25	FR	Free	132	69	0.54	Desktop	22	0	0
3754	Female	44	FR	Student	12	31	0.01	Desktop	0	1	0
3755	Male	51	UK	Family	238	84	0.12	Desktop	0	1	1
3756	Male	43	IN	Family	256	20	0.38	Web	0	1	1
3757	Other	46	DE	Free	201	13	0.24	Desktop	39	0	1
3758	Female	38	FR	Student	57	92	0.23	Mobile	0	1	0
3759	Female	37	US	Free	281	44	0.2	Mobile	16	0	1
3760	Male	51	AU	Premium	36	78	0.47	Desktop	0	1	0
3761	Other	27	IN	Family	192	62	0.47	Mobile	0	1	0
3762	Other	41	AU	Student	19	57	0.29	Desktop	0	1	0
3763	Female	58	AU	Free	85	24	0.33	Desktop	26	0	1
3764	Male	59	DE	Free	170	73	0.21	Desktop	31	0	0
3765	Male	56	PK	Student	115	41	0.2	Mobile	0	1	0
3766	Male	32	AU	Student	256	91	0.38	Web	0	1	0
3767	Male	48	US	Premium	24	26	0.49	Mobile	0	1	0
3768	Female	24	IN	Free	81	70	0.27	Mobile	28	0	0
3769	Female	40	PK	Student	191	70	0.29	Web	0	1	0
3770	Male	42	FR	Premium	47	97	0.06	Mobile	0	1	0
3771	Female	57	DE	Free	164	9	0.55	Web	5	0	0
3772	Female	21	IN	Premium	53	68	0.31	Desktop	0	1	0
3773	Male	30	UK	Premium	175	31	0.29	Web	0	1	0
3774	Other	39	AU	Family	269	27	0.52	Mobile	0	1	0
3775	Female	47	IN	Premium	150	22	0.1	Web	0	1	1
3776	Female	56	PK	Student	18	27	0.14	Mobile	0	1	0
3777	Other	43	AU	Family	96	38	0.57	Mobile	0	1	1
3778	Female	19	FR	Free	197	86	0	Desktop	32	0	1
3779	Other	30	CA	Free	112	29	0.3	Mobile	43	0	0
3780	Female	35	DE	Family	152	63	0.14	Desktop	0	1	1
3781	Other	48	FR	Student	183	43	0.26	Desktop	0	1	0
3782	Female	32	PK	Family	73	20	0.58	Mobile	0	1	0
3783	Male	37	PK	Student	204	25	0.33	Desktop	0	1	0
3784	Male	23	US	Family	142	6	0.34	Desktop	0	1	0
3785	Other	43	DE	Family	68	44	0.25	Web	0	1	0
3786	Other	51	IN	Free	227	5	0.53	Web	45	0	1
3787	Female	42	UK	Premium	188	67	0.47	Web	0	1	0
3788	Male	57	IN	Student	86	83	0.09	Web	0	1	0
3789	Other	46	PK	Free	61	85	0.57	Web	31	0	1
3790	Female	52	PK	Student	28	33	0.19	Mobile	0	1	0
3791	Female	21	UK	Free	50	47	0.37	Desktop	24	0	0
3792	Other	45	PK	Family	20	14	0.45	Mobile	0	1	1
3793	Male	21	FR	Premium	176	41	0.57	Desktop	0	1	0
3794	Female	41	PK	Student	46	53	0.25	Mobile	0	1	0
3795	Male	22	UK	Premium	77	88	0.33	Desktop	0	1	0
3796	Female	49	PK	Student	37	17	0.2	Desktop	0	1	0
3797	Male	37	IN	Free	256	30	0.14	Web	12	0	0
3798	Other	31	FR	Free	240	84	0.58	Mobile	39	0	0
3799	Other	47	IN	Student	196	24	0.07	Mobile	0	1	0
3800	Male	53	PK	Family	57	16	0.5	Web	0	1	0
3801	Female	57	DE	Free	214	51	0.15	Web	33	0	1
3802	Female	19	PK	Free	48	83	0.44	Web	40	0	1
3803	Male	53	IN	Free	99	1	0.24	Desktop	25	0	0
3804	Male	43	AU	Premium	172	88	0.36	Web	0	1	0
3805	Other	59	UK	Free	166	68	0.23	Web	19	0	0
3806	Other	24	CA	Student	108	86	0.38	Web	0	1	1
3807	Female	32	US	Premium	33	42	0.47	Web	0	1	0
3808	Female	47	IN	Student	125	33	0.38	Web	0	1	0
3809	Female	35	DE	Premium	142	21	0.07	Desktop	0	1	0
3810	Male	22	UK	Premium	242	90	0.03	Mobile	0	1	1
3811	Male	17	US	Premium	196	12	0.44	Desktop	0	1	0
3812	Female	16	FR	Family	99	66	0.37	Web	0	1	0
3813	Female	41	CA	Premium	128	12	0.05	Desktop	0	1	0
3814	Male	21	US	Family	231	31	0.55	Mobile	0	1	0
3815	Female	30	UK	Free	68	50	0.53	Web	36	0	0
3816	Other	37	DE	Family	266	49	0.6	Mobile	0	1	0
3817	Female	19	AU	Premium	197	74	0.39	Desktop	0	1	0
3818	Female	41	IN	Premium	217	7	0.31	Desktop	0	1	1
3819	Male	56	PK	Family	23	68	0.45	Desktop	0	1	1
3820	Female	55	US	Family	160	66	0.47	Desktop	0	1	0
3821	Female	43	UK	Student	163	34	0.37	Desktop	0	1	0
3822	Male	22	AU	Premium	224	80	0.54	Desktop	0	1	0
3823	Female	44	CA	Free	55	48	0.57	Desktop	22	0	0
3824	Other	53	FR	Free	79	73	0.53	Mobile	16	0	0
3825	Other	37	FR	Free	115	23	0.54	Desktop	46	0	0
3826	Other	18	DE	Free	20	67	0.38	Mobile	39	0	0
3827	Male	26	IN	Free	132	51	0.08	Desktop	46	0	1
3828	Male	25	DE	Student	150	41	0.42	Desktop	0	1	0
3829	Other	55	PK	Family	91	55	0.59	Mobile	0	1	0
3830	Male	43	FR	Family	262	32	0.04	Mobile	0	1	0
3831	Male	18	PK	Premium	109	73	0.12	Mobile	0	1	0
3832	Male	52	PK	Free	88	49	0.36	Mobile	23	0	0
3833	Other	25	AU	Free	22	96	0.22	Mobile	14	0	1
3834	Other	56	AU	Free	179	73	0.58	Desktop	41	0	0
3835	Male	31	UK	Free	46	28	0.49	Web	9	0	0
3836	Other	33	AU	Free	171	39	0.14	Mobile	30	0	0
3837	Male	53	DE	Student	165	67	0.25	Web	0	1	0
3838	Female	53	PK	Family	48	3	0.11	Mobile	0	1	0
3839	Other	56	PK	Premium	254	4	0.29	Mobile	0	1	0
3840	Other	47	US	Student	285	93	0.27	Desktop	0	1	1
3841	Female	24	US	Student	110	53	0.41	Desktop	0	1	1
3842	Other	55	UK	Student	130	99	0.32	Mobile	0	1	1
3843	Male	37	FR	Free	245	13	0.17	Desktop	19	0	0
3844	Female	19	FR	Free	99	28	0.18	Mobile	12	0	0
3845	Male	32	UK	Premium	77	59	0.4	Web	0	1	0
3846	Female	29	UK	Free	46	11	0.57	Web	46	0	0
3847	Male	35	PK	Free	52	41	0.35	Web	7	0	0
3848	Other	20	IN	Premium	99	6	0.13	Mobile	0	1	1
3849	Male	42	CA	Premium	188	42	0.07	Web	0	1	0
3850	Female	22	DE	Family	67	73	0.56	Desktop	0	1	1
3851	Male	16	UK	Family	27	21	0.57	Desktop	0	1	0
3852	Male	50	AU	Student	63	7	0.11	Web	0	1	0
3853	Other	20	US	Free	112	41	0.17	Web	49	0	1
3854	Male	38	UK	Family	231	24	0.2	Desktop	0	1	0
3855	Female	54	AU	Family	49	70	0.03	Web	0	1	0
3856	Female	49	UK	Family	82	53	0.4	Mobile	0	1	1
3857	Male	43	IN	Premium	144	19	0.03	Desktop	0	1	0
3858	Other	34	AU	Premium	112	61	0.43	Web	0	1	0
3859	Female	54	UK	Student	38	78	0.27	Web	0	1	0
3860	Other	39	FR	Student	243	42	0.59	Desktop	0	1	0
3861	Male	48	UK	Premium	217	17	0.34	Mobile	0	1	0
3862	Male	43	DE	Family	218	38	0.56	Desktop	0	1	0
3863	Other	39	IN	Student	260	29	0.5	Mobile	0	1	0
3864	Other	51	DE	Family	41	19	0.1	Desktop	0	1	1
3865	Male	59	FR	Family	165	74	0.16	Web	0	1	0
3866	Male	36	IN	Family	41	43	0.57	Web	0	1	0
3867	Female	54	CA	Free	227	22	0.49	Desktop	38	0	0
3868	Other	59	AU	Free	291	31	0.13	Desktop	11	0	1
3869	Male	35	UK	Premium	76	78	0.07	Mobile	0	1	0
3870	Male	36	PK	Free	273	34	0.38	Desktop	13	0	0
3871	Other	22	IN	Free	289	97	0.53	Web	33	0	0
3872	Male	42	DE	Premium	87	13	0.05	Web	0	1	0
3873	Other	51	CA	Family	259	10	0.37	Web	0	1	1
3874	Female	40	DE	Student	269	38	0.22	Desktop	0	1	0
3875	Other	20	AU	Free	179	7	0.41	Web	14	0	0
3876	Female	41	FR	Free	67	18	0.54	Web	40	0	0
3877	Male	36	PK	Free	100	34	0.08	Desktop	35	0	1
3878	Male	34	DE	Family	75	35	0.54	Desktop	0	1	0
3879	Male	26	US	Free	282	24	0.54	Mobile	22	0	1
3880	Female	17	UK	Free	99	74	0.2	Mobile	17	0	1
3881	Other	22	AU	Student	160	55	0.26	Mobile	0	1	1
3882	Female	46	PK	Free	218	88	0.34	Mobile	23	0	0
3883	Female	37	US	Premium	125	52	0.07	Web	0	1	1
3884	Other	59	IN	Premium	252	82	0.07	Mobile	0	1	0
3885	Female	47	US	Student	166	1	0.22	Mobile	0	1	0
3886	Female	57	UK	Family	118	81	0.12	Mobile	0	1	1
3887	Male	54	UK	Family	35	50	0.47	Desktop	0	1	0
3888	Other	18	UK	Family	207	90	0.02	Desktop	0	1	0
3889	Male	59	PK	Premium	19	88	0.58	Mobile	0	1	1
3890	Female	51	AU	Free	214	49	0.03	Web	10	0	0
3891	Female	17	AU	Student	242	84	0.07	Web	0	1	1
3892	Other	28	CA	Free	65	82	0.36	Mobile	40	0	1
3893	Other	40	CA	Student	231	60	0.15	Desktop	0	1	0
3894	Other	57	DE	Premium	161	46	0.55	Desktop	0	1	0
3895	Female	54	US	Premium	199	95	0.51	Mobile	0	1	0
3896	Male	59	AU	Family	151	45	0.08	Web	0	1	0
3897	Male	23	CA	Family	239	58	0.02	Mobile	0	1	0
3898	Male	25	US	Student	157	91	0.51	Mobile	0	1	0
3899	Female	29	US	Family	125	42	0.2	Web	0	1	0
3900	Female	46	IN	Premium	116	37	0.45	Desktop	0	1	0
3901	Other	35	IN	Family	43	27	0.07	Desktop	0	1	1
3902	Female	39	UK	Free	104	22	0.32	Desktop	12	0	1
3903	Other	16	IN	Student	33	95	0.3	Desktop	0	1	0
3904	Female	35	CA	Family	286	56	0.04	Web	0	1	1
3905	Other	59	IN	Premium	11	11	0.36	Mobile	0	1	1
3906	Female	31	FR	Student	94	4	0.44	Desktop	0	1	1
3907	Male	36	PK	Premium	140	91	0.05	Desktop	0	1	0
3908	Male	28	FR	Premium	146	68	0.03	Desktop	0	1	0
3909	Other	40	UK	Premium	137	89	0.1	Desktop	0	1	0
3910	Male	55	CA	Student	121	69	0.42	Web	0	1	1
3911	Female	34	US	Family	70	9	0.21	Web	0	1	0
3912	Female	40	IN	Family	169	90	0.28	Desktop	0	1	0
3913	Male	48	DE	Family	161	57	0.47	Mobile	0	1	1
3914	Other	23	UK	Free	99	39	0.4	Web	46	0	0
3915	Female	50	AU	Student	140	89	0.24	Desktop	0	1	0
3916	Male	55	UK	Family	155	24	0.15	Web	0	1	0
3917	Other	36	US	Free	121	2	0.36	Mobile	36	0	1
3918	Male	40	DE	Student	54	31	0.3	Desktop	0	1	1
3919	Female	42	US	Premium	235	23	0.33	Web	0	1	0
3920	Other	21	AU	Family	224	58	0.59	Mobile	0	1	0
3921	Female	16	IN	Premium	177	50	0.49	Mobile	0	1	0
3922	Male	52	PK	Student	288	88	0.45	Desktop	0	1	0
3923	Other	59	CA	Premium	115	35	0.3	Web	0	1	1
3924	Male	43	IN	Premium	221	13	0.58	Desktop	0	1	0
3925	Male	53	US	Family	73	91	0.15	Web	0	1	0
3926	Other	16	FR	Premium	95	46	0.03	Mobile	0	1	0
3927	Other	54	PK	Premium	46	86	0.12	Mobile	0	1	0
3928	Male	45	FR	Student	59	28	0.32	Web	0	1	1
3929	Other	50	CA	Premium	264	71	0.27	Desktop	0	1	0
3930	Female	27	CA	Premium	55	84	0.43	Web	0	1	1
3931	Male	36	IN	Premium	202	43	0.04	Desktop	0	1	0
3932	Other	36	PK	Premium	66	82	0.56	Desktop	0	1	0
3933	Male	26	UK	Free	224	20	0.18	Web	47	0	0
3934	Female	30	FR	Family	175	25	0.57	Mobile	0	1	0
3935	Female	39	CA	Premium	143	40	0.41	Mobile	0	1	0
3936	Female	24	US	Premium	202	77	0.4	Mobile	0	1	1
3937	Other	31	US	Premium	203	35	0.29	Web	0	1	1
3938	Female	31	FR	Family	21	82	0.21	Web	0	1	0
3939	Other	32	PK	Student	82	91	0.3	Mobile	0	1	1
3940	Female	51	PK	Free	175	34	0.59	Desktop	31	0	1
3941	Female	50	IN	Premium	234	23	0.24	Desktop	0	1	0
3942	Female	23	DE	Student	150	20	0.16	Desktop	0	1	0
3943	Other	55	DE	Premium	246	81	0.58	Desktop	0	1	0
3944	Other	54	US	Family	80	36	0.43	Mobile	0	1	0
3945	Male	24	AU	Family	67	43	0.58	Web	0	1	0
3946	Female	56	FR	Family	12	99	0.52	Desktop	0	1	0
3947	Male	23	DE	Premium	288	88	0.53	Web	0	1	0
3948	Female	19	FR	Student	178	84	0.13	Web	0	1	1
3949	Male	22	FR	Premium	221	59	0.45	Web	0	1	0
3950	Other	22	IN	Premium	117	73	0.31	Web	0	1	1
3951	Male	26	DE	Premium	13	11	0.27	Desktop	0	1	1
3952	Female	36	CA	Free	130	25	0.05	Web	32	0	1
3953	Female	49	US	Premium	83	45	0.03	Web	0	1	0
3954	Other	20	CA	Student	86	77	0.27	Web	0	1	0
3955	Female	16	AU	Family	206	42	0.07	Web	0	1	1
3956	Female	17	DE	Premium	258	80	0.16	Desktop	0	1	0
3957	Female	54	UK	Free	120	71	0.35	Mobile	46	0	0
3958	Male	50	US	Premium	55	42	0.26	Web	0	1	0
3959	Male	32	UK	Free	133	75	0.22	Mobile	28	0	0
3960	Other	25	CA	Free	159	16	0.57	Mobile	17	0	0
3961	Male	34	DE	Student	109	3	0.49	Mobile	0	1	1
3962	Male	27	UK	Family	92	43	0.32	Desktop	0	1	0
3963	Other	49	DE	Family	279	78	0.56	Desktop	0	1	0
3964	Other	17	AU	Premium	41	80	0.14	Mobile	0	1	1
3965	Male	27	IN	Student	245	55	0.38	Web	0	1	0
3966	Male	42	IN	Family	166	61	0.38	Mobile	0	1	0
3967	Male	55	US	Premium	21	66	0.33	Web	0	1	0
3968	Male	51	AU	Student	34	96	0.6	Mobile	0	1	1
3969	Female	24	UK	Student	273	78	0.57	Desktop	0	1	1
3970	Other	47	FR	Premium	264	95	0.06	Desktop	0	1	0
3971	Other	28	US	Premium	159	82	0.56	Mobile	0	1	0
3972	Other	57	DE	Premium	151	61	0.51	Web	0	1	1
3973	Other	16	UK	Student	277	49	0.22	Desktop	0	1	0
3974	Other	57	PK	Free	104	78	0.42	Web	43	0	0
3975	Female	34	PK	Premium	255	49	0.3	Desktop	0	1	1
3976	Other	27	CA	Premium	80	74	0.42	Web	0	1	1
3977	Other	49	US	Free	120	3	0.11	Desktop	24	0	0
3978	Other	29	FR	Free	229	56	0.23	Mobile	37	0	0
3979	Female	46	CA	Student	99	86	0.24	Web	0	1	0
3980	Female	46	PK	Student	268	69	0.45	Mobile	0	1	0
3981	Male	42	AU	Student	86	42	0.03	Mobile	0	1	0
3982	Male	54	US	Premium	223	29	0.33	Desktop	0	1	0
3983	Other	44	IN	Free	148	62	0	Desktop	37	0	0
3984	Male	25	DE	Premium	29	57	0.44	Desktop	0	1	1
3985	Male	54	US	Family	229	17	0.04	Desktop	0	1	0
3986	Male	36	US	Premium	254	36	0.15	Web	0	1	0
3987	Other	25	AU	Free	239	16	0.58	Desktop	35	0	1
3988	Other	34	IN	Family	120	48	0.54	Mobile	0	1	1
3989	Female	33	US	Student	41	65	0.44	Mobile	0	1	0
3990	Female	35	PK	Student	65	63	0.24	Mobile	0	1	1
3991	Male	49	PK	Premium	207	22	0.4	Web	0	1	0
3992	Other	22	PK	Free	278	40	0.25	Desktop	35	0	0
3993	Male	27	FR	Student	22	93	0.07	Web	0	1	0
3994	Other	46	FR	Family	237	28	0.12	Web	0	1	1
3995	Other	40	US	Student	101	57	0.26	Mobile	0	1	0
3996	Other	35	FR	Family	285	15	0.16	Web	0	1	1
3997	Female	37	IN	Free	283	60	0.3	Desktop	42	0	1
3998	Female	42	AU	Student	255	99	0.58	Mobile	0	1	1
3999	Other	43	FR	Free	17	54	0.47	Mobile	41	0	0
4000	Male	50	UK	Family	67	41	0.53	Web	0	1	0
4001	Other	31	AU	Student	48	46	0.29	Web	0	1	0
4002	Female	30	US	Free	12	71	0	Desktop	10	0	0
4003	Female	39	AU	Student	224	50	0.37	Desktop	0	1	0
4004	Other	49	UK	Student	207	85	0.29	Desktop	0	1	1
4005	Female	58	CA	Student	133	42	0.02	Mobile	0	1	1
4006	Other	45	PK	Free	139	79	0.08	Desktop	44	0	0
4007	Male	42	CA	Free	102	58	0.03	Web	14	0	1
4008	Other	37	US	Free	151	63	0.16	Mobile	29	0	0
4009	Female	27	PK	Family	187	90	0.53	Mobile	0	1	1
4010	Other	52	US	Student	93	26	0.54	Mobile	0	1	0
4011	Male	50	US	Student	217	46	0.52	Desktop	0	1	0
4012	Female	51	US	Premium	235	6	0.41	Mobile	0	1	0
4013	Female	51	AU	Family	128	97	0.13	Mobile	0	1	0
4014	Female	52	FR	Premium	262	88	0.23	Desktop	0	1	0
4015	Other	19	DE	Family	283	49	0.19	Desktop	0	1	0
4016	Male	43	US	Student	285	90	0.26	Mobile	0	1	0
4017	Female	30	CA	Family	83	61	0.31	Web	0	1	0
4018	Female	22	PK	Student	277	62	0	Mobile	0	1	0
4019	Other	29	US	Premium	108	45	0.34	Mobile	0	1	0
4020	Other	32	DE	Family	17	68	0.56	Desktop	0	1	0
4021	Male	28	US	Premium	208	22	0.29	Web	0	1	0
4022	Female	44	PK	Free	140	92	0.12	Desktop	39	0	0
4023	Female	45	PK	Family	285	80	0.19	Mobile	0	1	0
4024	Female	41	FR	Free	139	18	0.25	Web	17	0	0
4025	Other	58	PK	Premium	17	90	0.14	Desktop	0	1	0
4026	Male	18	UK	Free	78	64	0	Desktop	23	0	1
4027	Male	16	FR	Premium	101	91	0.39	Mobile	0	1	0
4028	Other	45	PK	Premium	42	41	0.17	Desktop	0	1	0
4029	Female	22	UK	Family	52	95	0.46	Mobile	0	1	0
4030	Other	35	US	Free	294	97	0.58	Web	25	0	0
4031	Other	46	DE	Free	274	48	0.15	Mobile	29	0	0
4032	Female	47	AU	Free	101	25	0.51	Desktop	19	0	0
4033	Female	17	US	Premium	225	95	0.13	Desktop	0	1	1
4034	Other	57	US	Family	140	57	0.46	Desktop	0	1	0
4035	Male	33	CA	Premium	40	26	0.02	Mobile	0	1	1
4036	Male	16	UK	Student	66	19	0.22	Mobile	0	1	1
4037	Other	28	AU	Premium	48	4	0.24	Mobile	0	1	0
4038	Male	52	FR	Student	181	18	0.57	Mobile	0	1	0
4039	Other	46	IN	Student	86	47	0.24	Web	0	1	0
4040	Male	22	CA	Family	50	30	0.03	Desktop	0	1	1
4041	Female	38	DE	Free	46	49	0.4	Desktop	26	0	1
4042	Male	39	AU	Premium	240	54	0.06	Desktop	0	1	0
4043	Other	33	CA	Premium	87	40	0.57	Mobile	0	1	0
4044	Male	21	DE	Premium	168	89	0.26	Web	0	1	0
4045	Female	45	US	Family	111	26	0.49	Web	0	1	0
4046	Other	34	CA	Premium	102	56	0.24	Desktop	0	1	0
4047	Male	33	US	Student	214	80	0.18	Desktop	0	1	0
4048	Female	55	CA	Premium	163	55	0.6	Mobile	0	1	0
4049	Other	27	CA	Student	160	20	0.51	Desktop	0	1	0
4050	Female	37	FR	Student	270	18	0.03	Web	0	1	0
4051	Other	34	US	Family	74	71	0.24	Mobile	0	1	0
4052	Female	21	AU	Family	110	81	0.34	Mobile	0	1	1
4053	Other	30	DE	Student	260	17	0.25	Mobile	0	1	1
4054	Other	16	UK	Student	149	29	0.25	Mobile	0	1	0
4055	Male	20	DE	Family	151	47	0.34	Desktop	0	1	0
4056	Other	31	PK	Family	19	25	0.25	Desktop	0	1	0
4057	Male	18	UK	Premium	235	86	0.57	Desktop	0	1	0
4058	Female	22	IN	Premium	64	53	0.29	Web	0	1	0
4059	Male	18	US	Family	131	7	0.27	Desktop	0	1	0
4060	Female	50	UK	Free	229	71	0.54	Desktop	32	0	1
4061	Male	25	PK	Student	101	99	0.34	Web	0	1	0
4062	Female	49	FR	Family	195	39	0.52	Web	0	1	1
4063	Male	29	US	Family	118	19	0.16	Web	0	1	1
4064	Male	26	CA	Free	176	20	0.48	Desktop	47	0	1
4065	Male	53	UK	Free	31	72	0.46	Web	5	0	0
4066	Other	22	US	Free	250	26	0.21	Mobile	28	0	0
4067	Other	19	IN	Premium	228	92	0.4	Mobile	0	1	1
4068	Male	51	US	Family	157	19	0.53	Web	0	1	0
4069	Other	42	AU	Family	82	27	0.58	Desktop	0	1	1
4070	Other	46	AU	Family	154	51	0.16	Desktop	0	1	1
4071	Male	17	CA	Student	211	24	0.09	Web	0	1	1
4072	Other	59	DE	Family	65	24	0.04	Web	0	1	0
4073	Female	24	PK	Family	221	65	0.5	Desktop	0	1	1
4074	Female	51	IN	Premium	283	16	0.27	Mobile	0	1	0
4075	Female	27	CA	Student	147	78	0.15	Web	0	1	0
4076	Female	32	US	Student	279	78	0.42	Web	0	1	0
4077	Other	30	PK	Family	134	71	0.05	Desktop	0	1	0
4078	Male	24	PK	Free	73	18	0.55	Desktop	33	0	0
4079	Female	22	IN	Student	239	32	0.35	Web	0	1	0
4080	Other	28	PK	Free	64	97	0.13	Desktop	45	0	0
4081	Other	17	FR	Free	113	76	0.13	Mobile	39	0	1
4082	Male	43	IN	Premium	61	51	0.48	Desktop	0	1	0
4083	Male	36	DE	Free	173	29	0.1	Desktop	39	0	0
4084	Male	20	PK	Premium	239	42	0.57	Desktop	0	1	1
4085	Male	43	DE	Family	108	53	0.03	Desktop	0	1	1
4086	Other	28	UK	Student	276	85	0.51	Desktop	0	1	0
4087	Female	26	CA	Free	41	49	0.46	Desktop	24	0	0
4088	Female	20	UK	Free	233	90	0.4	Desktop	47	0	0
4089	Male	38	AU	Premium	247	15	0.26	Mobile	0	1	0
4090	Other	50	CA	Family	257	82	0.04	Desktop	0	1	0
4091	Other	32	AU	Free	233	46	0.22	Web	32	0	0
4092	Female	37	CA	Premium	278	19	0.58	Desktop	0	1	0
4093	Female	35	DE	Premium	184	64	0.24	Desktop	0	1	0
4094	Male	40	AU	Free	121	2	0.53	Desktop	38	0	0
4095	Male	33	UK	Family	44	71	0.48	Desktop	0	1	1
4096	Other	34	DE	Student	147	59	0.15	Mobile	0	1	1
4097	Other	38	DE	Premium	165	39	0.55	Web	0	1	1
4098	Female	27	DE	Family	38	25	0.55	Mobile	0	1	0
4099	Other	58	DE	Student	11	71	0.56	Desktop	0	1	0
4100	Male	19	IN	Free	87	66	0.43	Web	34	0	0
4101	Other	19	IN	Premium	63	61	0.1	Desktop	0	1	0
4102	Female	25	FR	Student	241	18	0.14	Desktop	0	1	0
4103	Female	56	IN	Student	92	47	0.17	Desktop	0	1	1
4104	Female	25	PK	Free	262	9	0.02	Mobile	35	0	0
4105	Other	51	DE	Family	253	1	0.01	Desktop	0	1	0
4106	Other	17	CA	Free	270	27	0.43	Mobile	44	0	0
4107	Other	16	US	Free	248	60	0.09	Desktop	32	0	0
4108	Male	48	CA	Family	156	5	0.16	Mobile	0	1	0
4109	Female	59	FR	Free	225	77	0.55	Mobile	27	0	0
4110	Male	39	UK	Student	84	41	0.45	Mobile	0	1	0
4111	Other	20	CA	Premium	215	68	0.4	Web	0	1	0
4112	Male	39	UK	Student	180	32	0.23	Desktop	0	1	0
4113	Other	24	US	Premium	88	55	0.47	Web	0	1	0
4114	Male	34	CA	Student	157	83	0.05	Mobile	0	1	0
4115	Male	38	US	Premium	156	92	0.11	Desktop	0	1	1
4116	Female	52	PK	Free	250	70	0.48	Web	43	0	1
4117	Female	21	IN	Student	143	40	0.17	Desktop	0	1	0
4118	Other	44	AU	Family	39	8	0.56	Desktop	0	1	1
4119	Other	17	US	Premium	273	32	0.21	Web	0	1	0
4120	Male	43	AU	Premium	250	8	0.39	Mobile	0	1	0
4121	Female	30	DE	Family	159	18	0.5	Mobile	0	1	0
4122	Male	20	IN	Student	237	27	0.42	Web	0	1	0
4123	Other	47	AU	Student	55	73	0.41	Desktop	0	1	1
4124	Male	55	AU	Free	79	55	0.1	Mobile	47	0	0
4125	Female	34	PK	Student	272	48	0.5	Mobile	0	1	0
4126	Other	18	US	Family	70	51	0.4	Desktop	0	1	0
4127	Male	42	DE	Free	234	16	0.13	Mobile	16	0	0
4128	Male	39	AU	Free	195	82	0.57	Mobile	44	0	0
4129	Female	20	CA	Student	28	88	0.19	Mobile	0	1	0
4130	Male	39	UK	Student	38	28	0.02	Desktop	0	1	0
4131	Male	49	AU	Family	177	24	0.03	Mobile	0	1	1
4132	Other	17	FR	Student	290	88	0.58	Desktop	0	1	0
4133	Other	30	UK	Free	243	14	0	Web	25	0	0
4134	Male	29	PK	Student	28	22	0.6	Mobile	0	1	0
4135	Female	27	UK	Family	45	9	0.21	Mobile	0	1	0
4136	Female	24	AU	Free	279	37	0.16	Desktop	36	0	0
4137	Other	35	US	Student	164	60	0.49	Desktop	0	1	1
4138	Male	31	FR	Family	207	39	0.28	Web	0	1	0
4139	Male	37	CA	Student	56	10	0.02	Web	0	1	0
4140	Male	23	UK	Premium	268	56	0.53	Mobile	0	1	0
4141	Female	50	PK	Family	67	76	0.27	Web	0	1	1
4142	Male	34	IN	Free	114	41	0.05	Desktop	36	0	0
4143	Male	32	IN	Free	270	34	0.51	Desktop	30	0	0
4144	Female	25	AU	Student	199	90	0.51	Mobile	0	1	1
4145	Female	32	PK	Family	182	12	0.54	Web	0	1	0
4146	Male	51	IN	Family	203	84	0.53	Web	0	1	0
4147	Male	33	UK	Student	149	84	0.01	Web	0	1	0
4148	Female	48	PK	Free	118	41	0.44	Mobile	7	0	0
4149	Other	24	US	Premium	182	59	0.34	Mobile	0	1	0
4150	Male	43	FR	Student	212	42	0.48	Mobile	0	1	0
4151	Female	25	IN	Premium	11	51	0.21	Desktop	0	1	0
4152	Other	59	DE	Family	35	27	0.29	Desktop	0	1	0
4153	Male	19	CA	Student	241	91	0.51	Web	0	1	0
4154	Male	38	FR	Family	20	49	0.06	Mobile	0	1	0
4155	Female	48	PK	Free	140	66	0.59	Web	25	0	0
4156	Female	30	FR	Student	233	95	0.36	Desktop	0	1	1
4157	Male	52	AU	Student	187	30	0.29	Desktop	0	1	0
4158	Female	51	UK	Family	62	36	0.38	Mobile	0	1	1
4159	Female	49	US	Free	272	75	0.53	Mobile	48	0	0
4160	Other	18	CA	Free	195	37	0.26	Mobile	47	0	0
4161	Male	42	AU	Premium	210	13	0.32	Web	0	1	0
4162	Male	38	AU	Family	226	44	0.26	Mobile	0	1	0
4163	Other	24	DE	Family	71	1	0.28	Desktop	0	1	1
4164	Female	36	AU	Free	243	73	0.2	Web	31	0	0
4165	Male	16	PK	Premium	131	28	0.31	Web	0	1	1
4166	Female	54	AU	Free	112	77	0.32	Desktop	15	0	0
4167	Female	40	PK	Student	190	81	0.09	Desktop	0	1	0
4168	Other	46	US	Premium	171	91	0.14	Web	0	1	0
4169	Female	31	IN	Family	20	47	0.12	Mobile	0	1	0
4170	Female	42	UK	Student	256	49	0.12	Mobile	0	1	0
4171	Female	42	US	Free	66	53	0.5	Web	25	0	0
4172	Male	59	PK	Premium	199	67	0.14	Mobile	0	1	0
4173	Female	24	AU	Premium	92	79	0.47	Web	0	1	0
4174	Female	21	CA	Premium	161	49	0.34	Desktop	0	1	0
4175	Female	38	DE	Free	296	65	0.37	Web	14	0	0
4176	Female	29	US	Student	219	49	0.48	Mobile	0	1	0
4177	Female	20	US	Premium	45	1	0.57	Web	0	1	0
4178	Other	44	IN	Premium	154	98	0.07	Mobile	0	1	1
4179	Other	58	PK	Free	228	14	0.03	Mobile	41	0	0
4180	Other	34	CA	Premium	163	14	0.07	Web	0	1	0
4181	Male	36	FR	Premium	113	30	0.08	Mobile	0	1	0
4182	Female	51	IN	Premium	70	91	0.04	Desktop	0	1	0
4183	Female	48	DE	Free	209	66	0.37	Web	29	0	1
4184	Male	44	PK	Premium	200	14	0.28	Mobile	0	1	0
4185	Male	55	CA	Family	111	46	0.4	Desktop	0	1	1
4186	Male	39	PK	Premium	186	37	0.38	Mobile	0	1	0
4187	Other	34	US	Family	250	13	0.48	Web	0	1	1
4188	Male	32	AU	Free	31	30	0.5	Desktop	41	0	0
4189	Other	30	IN	Premium	195	87	0.1	Desktop	0	1	1
4190	Other	34	UK	Family	239	53	0.28	Mobile	0	1	0
4191	Other	56	AU	Student	273	29	0.23	Mobile	0	1	1
4192	Male	24	PK	Free	260	46	0.42	Mobile	10	0	0
4193	Other	54	AU	Free	168	71	0.58	Mobile	31	0	0
4194	Other	27	FR	Student	185	6	0.1	Mobile	0	1	1
4195	Male	33	IN	Student	252	56	0.44	Desktop	0	1	1
4196	Other	26	AU	Free	229	16	0.4	Mobile	45	0	0
4197	Other	47	DE	Premium	225	68	0.25	Desktop	0	1	1
4198	Female	16	AU	Family	146	81	0.56	Web	0	1	0
4199	Other	18	US	Premium	27	83	0.47	Desktop	0	1	1
4200	Other	28	CA	Student	21	61	0.26	Mobile	0	1	1
4201	Other	59	FR	Student	251	77	0.1	Mobile	0	1	1
4202	Male	45	PK	Family	284	90	0.48	Web	0	1	0
4203	Male	57	US	Family	226	55	0.6	Mobile	0	1	0
4204	Other	22	FR	Free	239	73	0.46	Web	45	0	1
4205	Male	28	AU	Family	229	12	0.48	Desktop	0	1	0
4206	Female	37	UK	Student	213	40	0.57	Desktop	0	1	0
4207	Male	35	PK	Family	90	37	0.21	Mobile	0	1	0
4208	Female	57	FR	Premium	18	62	0.47	Mobile	0	1	0
4209	Male	17	UK	Family	48	44	0.59	Web	0	1	1
4210	Other	30	AU	Family	76	5	0.2	Mobile	0	1	1
4211	Female	33	DE	Premium	202	21	0.51	Web	0	1	1
4212	Male	49	PK	Student	207	85	0.39	Web	0	1	0
4213	Male	25	UK	Premium	115	35	0.21	Mobile	0	1	0
4214	Other	41	DE	Premium	263	76	0.56	Mobile	0	1	0
4215	Other	39	IN	Free	77	64	0.34	Web	37	0	1
4216	Male	47	AU	Premium	115	90	0.24	Web	0	1	0
4217	Female	59	IN	Student	286	68	0.46	Desktop	0	1	0
4218	Male	25	FR	Student	68	37	0.2	Desktop	0	1	1
4219	Male	50	IN	Premium	252	22	0.41	Web	0	1	0
4220	Female	29	IN	Family	181	86	0.5	Desktop	0	1	1
4221	Female	39	DE	Student	150	12	0.16	Desktop	0	1	0
4222	Male	25	CA	Premium	166	8	0.56	Web	0	1	0
4223	Male	49	UK	Family	253	75	0.13	Mobile	0	1	1
4224	Male	50	PK	Family	45	83	0.18	Desktop	0	1	0
4225	Female	36	FR	Free	72	65	0.43	Mobile	24	0	0
4226	Female	56	UK	Free	198	28	0	Web	24	0	0
4227	Female	37	UK	Free	16	43	0.39	Mobile	43	0	0
4228	Other	44	FR	Family	170	32	0.3	Mobile	0	1	1
4229	Other	42	AU	Family	68	19	0.4	Desktop	0	1	1
4230	Female	19	US	Premium	218	18	0.46	Desktop	0	1	0
4231	Female	52	FR	Student	124	59	0.41	Desktop	0	1	0
4232	Female	37	AU	Family	133	67	0.17	Desktop	0	1	0
4233	Other	26	DE	Premium	137	58	0.36	Web	0	1	1
4234	Female	58	UK	Premium	293	99	0.31	Mobile	0	1	1
4235	Female	52	AU	Family	18	4	0.12	Web	0	1	0
4236	Male	42	PK	Student	42	34	0.6	Web	0	1	1
4237	Other	56	UK	Free	125	81	0.08	Web	17	0	0
4238	Male	47	CA	Family	266	52	0.54	Desktop	0	1	1
4239	Female	31	CA	Student	13	70	0.34	Desktop	0	1	0
4240	Female	41	CA	Student	57	72	0.09	Desktop	0	1	1
4241	Female	47	FR	Premium	23	66	0.59	Desktop	0	1	1
4242	Female	25	AU	Free	108	53	0.14	Web	30	0	0
4243	Male	20	PK	Free	102	85	0.09	Mobile	39	0	0
4244	Other	16	FR	Family	91	79	0.53	Mobile	0	1	0
4245	Male	34	PK	Premium	74	40	0.01	Desktop	0	1	0
4246	Other	24	CA	Free	171	38	0.28	Web	43	0	0
4247	Female	44	DE	Free	197	85	0.39	Web	18	0	0
4248	Female	36	AU	Premium	203	72	0.19	Web	0	1	0
4249	Other	30	FR	Free	106	25	0.57	Web	11	0	1
4250	Other	42	AU	Free	225	8	0.32	Web	8	0	0
4251	Male	25	AU	Premium	280	26	0.42	Desktop	0	1	0
4252	Other	58	US	Family	78	87	0	Desktop	0	1	0
4253	Other	53	DE	Student	176	6	0.51	Web	0	1	0
4254	Other	23	IN	Premium	287	64	0.05	Mobile	0	1	0
4255	Other	23	US	Family	42	31	0.32	Desktop	0	1	0
4256	Other	25	AU	Premium	272	94	0.23	Mobile	0	1	0
4257	Male	46	AU	Premium	10	99	0.18	Mobile	0	1	1
4258	Other	49	FR	Premium	203	79	0.35	Web	0	1	1
4259	Female	56	CA	Student	123	71	0.5	Desktop	0	1	0
4260	Other	56	FR	Family	115	34	0.59	Desktop	0	1	1
4261	Male	50	DE	Family	227	30	0.04	Mobile	0	1	0
4262	Female	48	AU	Premium	40	8	0.29	Mobile	0	1	1
4263	Other	30	CA	Student	179	61	0.4	Desktop	0	1	1
4264	Female	23	FR	Student	290	74	0.19	Desktop	0	1	0
4265	Other	50	AU	Free	57	91	0.21	Desktop	13	0	0
4266	Female	57	CA	Premium	10	72	0.43	Desktop	0	1	0
4267	Other	26	IN	Free	88	91	0.25	Mobile	33	0	1
4268	Female	18	AU	Student	237	76	0.57	Mobile	0	1	0
4269	Other	28	DE	Student	268	39	0.42	Web	0	1	0
4270	Male	54	US	Family	100	23	0.44	Web	0	1	0
4271	Female	36	CA	Premium	83	71	0.08	Mobile	0	1	0
4272	Female	28	US	Family	177	26	0.22	Desktop	0	1	0
4273	Other	40	UK	Premium	146	93	0.52	Desktop	0	1	0
4274	Other	19	UK	Premium	182	2	0.53	Desktop	0	1	1
4275	Female	33	CA	Premium	180	32	0.34	Desktop	0	1	0
4276	Female	52	PK	Premium	64	78	0.46	Desktop	0	1	0
4277	Male	23	FR	Free	115	85	0.16	Web	23	0	1
4278	Other	34	AU	Free	101	26	0.19	Mobile	46	0	0
4279	Male	22	PK	Student	185	11	0.17	Mobile	0	1	0
4280	Other	36	DE	Student	80	21	0.2	Web	0	1	0
4281	Male	52	US	Free	260	11	0.12	Web	11	0	0
4282	Other	21	FR	Free	269	86	0.16	Mobile	43	0	1
4283	Female	30	PK	Free	141	1	0.49	Web	13	0	0
4284	Female	51	FR	Family	291	72	0.33	Desktop	0	1	0
4285	Male	18	IN	Student	111	14	0.6	Mobile	0	1	0
4286	Other	43	AU	Premium	187	75	0.54	Desktop	0	1	0
4287	Male	45	AU	Free	202	21	0.14	Mobile	41	0	1
4288	Other	31	PK	Free	82	54	0.47	Web	6	0	0
4289	Female	20	AU	Free	286	53	0.45	Desktop	46	0	1
4290	Female	23	UK	Family	128	82	0.36	Desktop	0	1	0
4291	Other	18	CA	Free	235	36	0.19	Desktop	25	0	0
4292	Other	45	FR	Free	102	77	0.1	Mobile	22	0	0
4293	Male	22	AU	Family	149	91	0.48	Desktop	0	1	0
4294	Female	50	AU	Family	215	46	0.54	Web	0	1	0
4295	Other	49	PK	Premium	66	25	0.27	Mobile	0	1	0
4296	Female	50	CA	Free	272	60	0.32	Desktop	5	0	0
4297	Male	43	DE	Family	194	21	0.26	Desktop	0	1	0
4298	Male	25	AU	Family	38	38	0.46	Mobile	0	1	0
4299	Female	22	DE	Free	247	57	0.42	Desktop	31	0	1
4300	Male	18	AU	Family	109	93	0.45	Mobile	0	1	0
4301	Female	52	CA	Premium	145	90	0.14	Desktop	0	1	0
4302	Male	26	CA	Premium	148	91	0.01	Web	0	1	0
4303	Other	26	UK	Premium	244	12	0.3	Desktop	0	1	0
4304	Other	41	CA	Family	192	81	0.43	Desktop	0	1	0
4305	Male	33	US	Family	236	64	0.34	Web	0	1	0
4306	Other	19	AU	Free	46	22	0.11	Mobile	48	0	0
4307	Male	22	DE	Free	282	31	0.6	Desktop	6	0	0
4308	Male	49	DE	Family	286	60	0.57	Mobile	0	1	0
4309	Male	46	IN	Family	49	74	0.2	Desktop	0	1	1
4310	Female	59	FR	Premium	25	41	0.42	Mobile	0	1	1
4311	Other	22	IN	Student	40	98	0.44	Desktop	0	1	0
4312	Male	18	US	Student	131	10	0.3	Web	0	1	0
4313	Male	30	US	Free	103	11	0.25	Desktop	24	0	0
4314	Female	38	US	Student	180	77	0.08	Desktop	0	1	0
4315	Female	28	AU	Student	45	97	0.39	Mobile	0	1	0
4316	Female	26	PK	Premium	13	39	0.31	Web	0	1	0
4317	Male	30	UK	Family	154	77	0.29	Desktop	0	1	0
4318	Male	24	PK	Premium	52	86	0.28	Desktop	0	1	0
4319	Other	28	FR	Family	292	5	0.41	Mobile	0	1	0
4320	Male	18	DE	Family	182	90	0.13	Desktop	0	1	1
4321	Male	21	FR	Family	24	63	0.26	Desktop	0	1	0
4322	Female	27	US	Family	167	79	0.07	Desktop	0	1	0
4323	Male	55	PK	Family	139	7	0.06	Mobile	0	1	1
4324	Male	35	IN	Family	53	73	0.18	Desktop	0	1	0
4325	Male	38	FR	Premium	253	47	0.38	Web	0	1	0
4326	Male	24	FR	Premium	25	98	0.5	Web	0	1	0
4327	Other	33	AU	Student	31	97	0.26	Desktop	0	1	1
4328	Male	31	FR	Family	150	43	0.44	Web	0	1	1
4329	Other	57	AU	Premium	123	8	0.57	Web	0	1	0
4330	Male	45	DE	Premium	248	14	0.45	Mobile	0	1	0
4331	Other	53	FR	Free	167	2	0.1	Mobile	34	0	0
4332	Other	45	DE	Free	219	68	0.6	Desktop	45	0	0
4333	Male	33	AU	Free	160	40	0.03	Web	18	0	0
4334	Other	16	IN	Student	60	12	0.19	Desktop	0	1	0
4335	Female	36	PK	Family	211	48	0.42	Mobile	0	1	1
4336	Other	28	UK	Student	63	82	0.17	Desktop	0	1	1
4337	Female	28	US	Premium	114	23	0.09	Desktop	0	1	0
4338	Male	49	PK	Student	274	38	0.1	Desktop	0	1	0
4339	Other	59	PK	Student	97	35	0.01	Mobile	0	1	0
4340	Male	53	US	Premium	244	82	0.31	Mobile	0	1	0
4341	Other	34	DE	Premium	286	56	0.19	Desktop	0	1	0
4342	Female	20	US	Free	133	65	0.04	Desktop	29	0	0
4343	Male	35	DE	Premium	199	91	0.02	Mobile	0	1	0
4344	Female	16	UK	Premium	117	56	0	Web	0	1	1
4345	Female	42	AU	Student	233	94	0.37	Web	0	1	0
4346	Male	39	FR	Free	132	69	0.58	Web	31	0	0
4347	Male	31	PK	Premium	79	17	0.3	Desktop	0	1	0
4348	Other	32	DE	Student	115	56	0.01	Mobile	0	1	0
4349	Male	16	CA	Premium	214	6	0.15	Web	0	1	1
4350	Male	51	CA	Free	165	81	0.54	Mobile	20	0	0
4351	Other	59	US	Family	85	79	0.09	Mobile	0	1	0
4352	Other	45	PK	Free	90	29	0.06	Desktop	14	0	1
4353	Male	44	IN	Premium	208	2	0.51	Mobile	0	1	0
4354	Other	50	PK	Premium	94	89	0.33	Web	0	1	0
4355	Female	25	PK	Free	251	68	0.28	Web	14	0	0
4356	Other	31	AU	Family	268	16	0.49	Desktop	0	1	0
4357	Female	55	PK	Free	133	75	0.39	Desktop	10	0	0
4358	Female	43	UK	Family	124	16	0.49	Mobile	0	1	0
4359	Female	51	IN	Free	17	2	0.39	Desktop	18	0	0
4360	Other	33	AU	Family	167	99	0.22	Desktop	0	1	0
4361	Female	47	UK	Student	98	3	0	Web	0	1	0
4362	Male	45	PK	Free	93	83	0.04	Web	32	0	0
4363	Female	58	CA	Student	159	4	0.14	Desktop	0	1	1
4364	Female	32	US	Premium	147	88	0.15	Web	0	1	0
4365	Female	22	PK	Student	151	30	0.06	Desktop	0	1	0
4366	Female	47	CA	Free	105	30	0.51	Mobile	5	0	0
4367	Other	40	US	Student	296	57	0.14	Desktop	0	1	0
4368	Male	40	CA	Student	131	37	0.47	Mobile	0	1	0
4369	Other	34	PK	Family	47	28	0.17	Web	0	1	0
4370	Female	57	PK	Premium	129	78	0.54	Mobile	0	1	0
4371	Other	30	AU	Family	217	27	0.33	Web	0	1	1
4372	Other	54	FR	Premium	280	18	0.56	Desktop	0	1	0
4373	Other	36	AU	Family	108	15	0.04	Desktop	0	1	1
4374	Female	19	FR	Family	262	97	0.6	Web	0	1	0
4375	Female	57	AU	Student	287	73	0.41	Mobile	0	1	0
4376	Other	18	US	Student	118	66	0.4	Web	0	1	1
4377	Female	25	CA	Family	93	87	0.14	Mobile	0	1	0
4378	Male	50	AU	Premium	139	97	0.12	Mobile	0	1	0
4379	Male	16	FR	Free	259	88	0.19	Desktop	12	0	0
4380	Female	18	AU	Family	98	65	0.05	Desktop	0	1	1
4381	Female	45	AU	Family	61	77	0.21	Mobile	0	1	0
4382	Other	45	FR	Premium	81	70	0.43	Web	0	1	1
4383	Male	46	PK	Free	204	80	0.25	Desktop	47	0	0
4384	Female	49	US	Free	158	44	0.09	Desktop	34	0	1
4385	Female	21	FR	Free	174	8	0.08	Mobile	14	0	1
4386	Male	46	DE	Student	72	22	0.19	Desktop	0	1	0
4387	Male	32	FR	Student	22	81	0.41	Mobile	0	1	0
4388	Other	38	DE	Family	118	72	0.22	Mobile	0	1	0
4389	Male	21	FR	Free	292	83	0.3	Desktop	44	0	1
4390	Other	27	DE	Free	261	9	0.12	Web	48	0	0
4391	Female	35	AU	Student	15	33	0.59	Desktop	0	1	0
4392	Other	48	AU	Free	92	61	0.27	Mobile	46	0	0
4393	Female	52	DE	Family	50	55	0.35	Mobile	0	1	0
4394	Female	58	IN	Premium	144	54	0.33	Web	0	1	0
4395	Female	32	PK	Free	137	88	0.21	Mobile	35	0	0
4396	Male	28	PK	Family	195	78	0.38	Web	0	1	1
4397	Male	41	IN	Free	61	1	0.39	Mobile	16	0	1
4398	Female	53	AU	Family	297	2	0.37	Mobile	0	1	0
4399	Male	47	FR	Student	73	34	0.4	Web	0	1	0
4400	Female	34	US	Premium	117	53	0.41	Desktop	0	1	0
4401	Male	45	CA	Free	243	39	0.31	Desktop	47	0	0
4402	Female	19	UK	Premium	150	88	0.59	Web	0	1	0
4403	Male	47	DE	Premium	157	62	0.06	Desktop	0	1	0
4404	Male	45	CA	Free	201	39	0.51	Mobile	13	0	0
4405	Other	24	PK	Premium	211	74	0.15	Desktop	0	1	0
4406	Other	45	FR	Free	290	27	0.47	Mobile	29	0	1
4407	Male	30	US	Student	150	99	0.5	Desktop	0	1	0
4408	Female	57	CA	Family	97	30	0.33	Web	0	1	1
4409	Other	50	PK	Student	60	93	0.34	Desktop	0	1	0
4410	Female	52	CA	Family	20	60	0.6	Web	0	1	0
4411	Female	24	AU	Premium	249	5	0.53	Web	0	1	1
4412	Female	59	PK	Student	48	37	0.29	Mobile	0	1	1
4413	Other	23	US	Student	180	63	0.01	Mobile	0	1	0
4414	Other	36	CA	Family	194	91	0.07	Web	0	1	1
4415	Female	27	IN	Free	250	24	0.38	Mobile	6	0	0
4416	Female	21	DE	Free	195	55	0.07	Desktop	43	0	1
4417	Male	33	IN	Premium	262	60	0.31	Desktop	0	1	0
4418	Female	28	IN	Family	249	78	0.24	Web	0	1	0
4419	Other	43	US	Family	177	66	0.24	Desktop	0	1	0
4420	Other	49	US	Student	101	39	0.39	Desktop	0	1	0
4421	Female	23	AU	Student	84	23	0.04	Web	0	1	0
4422	Female	49	PK	Family	255	88	0.44	Web	0	1	0
4423	Female	23	CA	Free	234	87	0.27	Desktop	25	0	0
4424	Other	46	DE	Student	149	83	0.56	Desktop	0	1	1
4425	Male	53	IN	Free	289	55	0.25	Desktop	46	0	0
4426	Male	17	PK	Student	266	28	0.47	Desktop	0	1	1
4427	Other	35	PK	Family	214	29	0.27	Mobile	0	1	0
4428	Male	48	IN	Family	176	65	0.11	Mobile	0	1	0
4429	Female	22	UK	Premium	36	32	0.44	Web	0	1	0
4430	Male	22	IN	Free	291	43	0.14	Desktop	7	0	1
4431	Other	30	AU	Premium	176	68	0.56	Mobile	0	1	0
4432	Female	17	IN	Student	108	17	0.17	Mobile	0	1	0
4433	Male	58	DE	Family	232	15	0.01	Mobile	0	1	0
4434	Female	58	DE	Student	13	78	0.43	Mobile	0	1	0
4435	Other	26	US	Family	279	39	0.45	Web	0	1	0
4436	Other	39	IN	Family	45	47	0.53	Mobile	0	1	0
4437	Male	52	CA	Free	153	97	0.39	Desktop	48	0	0
4438	Male	34	IN	Free	203	56	0.04	Web	19	0	0
4439	Other	31	US	Family	258	75	0.38	Desktop	0	1	0
4440	Male	21	UK	Premium	279	45	0.16	Web	0	1	0
4441	Other	57	US	Free	106	47	0.4	Web	20	0	1
4442	Male	33	DE	Premium	101	72	0.19	Mobile	0	1	0
4443	Female	31	US	Premium	23	76	0.55	Desktop	0	1	0
4444	Male	17	AU	Student	85	66	0.49	Web	0	1	0
4445	Female	19	CA	Free	150	20	0.34	Mobile	39	0	0
4446	Other	56	PK	Family	12	66	0.56	Web	0	1	1
4447	Female	52	CA	Family	38	85	0.23	Web	0	1	1
4448	Other	48	DE	Student	44	68	0.2	Web	0	1	0
4449	Other	58	AU	Family	75	20	0.05	Web	0	1	0
4450	Other	22	PK	Family	161	78	0.29	Desktop	0	1	1
4451	Male	22	US	Student	66	52	0.52	Desktop	0	1	1
4452	Male	16	AU	Free	60	9	0.6	Desktop	39	0	0
4453	Female	55	PK	Free	179	44	0.3	Web	20	0	0
4454	Female	42	PK	Student	224	63	0.32	Web	0	1	1
4455	Male	54	UK	Premium	225	24	0.53	Desktop	0	1	0
4456	Other	52	IN	Family	74	79	0.26	Desktop	0	1	0
4457	Female	39	PK	Premium	226	71	0.02	Mobile	0	1	0
4458	Female	55	CA	Free	285	30	0.33	Mobile	27	0	0
4459	Male	26	DE	Family	275	19	0.17	Desktop	0	1	0
4460	Male	52	US	Family	247	11	0.04	Web	0	1	1
4461	Other	34	DE	Student	153	82	0.47	Desktop	0	1	0
4462	Other	16	IN	Free	296	77	0.1	Web	22	0	0
4463	Female	31	UK	Student	129	97	0.21	Desktop	0	1	0
4464	Other	47	US	Free	283	24	0.15	Web	28	0	0
4465	Other	30	AU	Family	79	67	0.22	Desktop	0	1	1
4466	Female	50	IN	Family	282	19	0.38	Desktop	0	1	1
4467	Female	30	IN	Free	159	57	0.46	Desktop	15	0	0
4468	Male	20	AU	Student	147	41	0.19	Mobile	0	1	0
4469	Male	29	PK	Free	92	96	0.08	Web	43	0	0
4470	Male	26	FR	Free	86	65	0	Desktop	32	0	0
4471	Other	45	AU	Free	209	81	0.26	Mobile	26	0	1
4472	Male	21	AU	Premium	157	64	0.4	Mobile	0	1	1
4473	Other	17	US	Student	224	5	0.25	Web	0	1	0
4474	Male	34	CA	Student	278	28	0.25	Desktop	0	1	0
4475	Other	41	UK	Student	183	66	0.4	Web	0	1	0
4476	Other	47	FR	Free	135	28	0.32	Desktop	34	0	0
4477	Other	21	US	Student	36	1	0.02	Mobile	0	1	0
4478	Female	44	CA	Free	209	34	0.44	Mobile	19	0	0
4479	Other	32	DE	Family	159	88	0.31	Mobile	0	1	0
4480	Male	30	IN	Free	204	97	0.31	Web	9	0	0
4481	Male	19	DE	Student	235	86	0.36	Desktop	0	1	0
4482	Female	33	UK	Premium	115	30	0.58	Desktop	0	1	1
4483	Other	43	CA	Free	201	37	0.19	Web	49	0	0
4484	Male	52	UK	Premium	46	75	0.07	Web	0	1	0
4485	Male	21	FR	Family	83	67	0.39	Web	0	1	1
4486	Male	55	AU	Student	98	70	0.07	Desktop	0	1	0
4487	Male	59	DE	Premium	251	21	0.02	Web	0	1	0
4488	Male	19	CA	Premium	241	20	0.03	Mobile	0	1	0
4489	Female	36	UK	Free	276	29	0.56	Web	47	0	0
4490	Female	33	IN	Premium	41	90	0.56	Desktop	0	1	0
4491	Other	57	DE	Student	57	42	0.37	Desktop	0	1	1
4492	Male	51	DE	Family	296	31	0.49	Mobile	0	1	0
4493	Male	51	PK	Student	223	55	0.42	Desktop	0	1	0
4494	Male	55	IN	Premium	273	66	0.05	Mobile	0	1	1
4495	Male	30	AU	Free	150	9	0.05	Web	40	0	0
4496	Male	41	PK	Free	20	84	0.52	Mobile	17	0	1
4497	Male	54	IN	Student	51	60	0.18	Mobile	0	1	0
4498	Female	49	IN	Premium	25	6	0.34	Web	0	1	0
4499	Male	27	DE	Free	297	18	0.15	Desktop	41	0	0
4500	Female	55	DE	Student	235	72	0.55	Mobile	0	1	0
4501	Male	56	AU	Family	117	9	0.56	Web	0	1	0
4502	Female	45	US	Family	77	92	0.12	Mobile	0	1	0
4503	Female	46	PK	Free	296	52	0.33	Mobile	31	0	0
4504	Other	31	IN	Premium	65	51	0.19	Web	0	1	0
4505	Female	33	PK	Premium	133	11	0.43	Mobile	0	1	1
4506	Male	20	PK	Premium	107	85	0.1	Mobile	0	1	0
4507	Female	26	US	Family	75	73	0.5	Web	0	1	1
4508	Female	46	PK	Free	225	18	0	Web	48	0	0
4509	Other	31	UK	Student	147	27	0.24	Desktop	0	1	0
4510	Male	36	AU	Free	34	24	0.35	Desktop	23	0	0
4511	Male	24	CA	Premium	267	54	0.02	Mobile	0	1	1
4512	Other	51	UK	Free	97	36	0.25	Desktop	10	0	0
4513	Other	29	IN	Free	254	81	0.59	Mobile	27	0	0
4514	Other	33	US	Student	253	30	0.07	Mobile	0	1	0
4515	Female	46	IN	Premium	182	20	0.47	Desktop	0	1	0
4516	Other	23	IN	Free	27	95	0.4	Mobile	47	0	0
4517	Other	19	AU	Family	51	76	0.04	Desktop	0	1	0
4518	Male	33	US	Premium	149	36	0.32	Mobile	0	1	0
4519	Other	24	FR	Free	271	7	0.12	Desktop	48	0	0
4520	Male	16	PK	Premium	289	42	0.15	Mobile	0	1	0
4521	Other	28	CA	Student	293	40	0.25	Mobile	0	1	0
4522	Female	58	US	Free	257	56	0.25	Mobile	24	0	0
4523	Other	52	IN	Free	63	99	0.41	Desktop	15	0	0
4524	Other	58	DE	Free	22	74	0.25	Mobile	20	0	1
4525	Male	57	PK	Free	230	65	0.49	Desktop	15	0	1
4526	Other	18	PK	Premium	155	79	0.32	Mobile	0	1	0
4527	Male	42	AU	Family	193	24	0.56	Web	0	1	0
4528	Female	32	CA	Family	65	88	0.06	Web	0	1	0
4529	Male	40	FR	Family	29	20	0.57	Web	0	1	0
4530	Male	53	IN	Family	265	14	0.39	Mobile	0	1	0
4531	Male	25	IN	Premium	43	6	0.09	Desktop	0	1	1
4532	Female	23	UK	Student	98	33	0.13	Web	0	1	0
4533	Male	40	CA	Free	86	18	0.31	Mobile	48	0	0
4534	Other	25	PK	Student	34	91	0.11	Desktop	0	1	0
4535	Other	49	AU	Student	113	42	0.32	Desktop	0	1	0
4536	Female	28	DE	Free	255	68	0.1	Mobile	45	0	1
4537	Other	59	CA	Family	38	30	0.15	Web	0	1	0
4538	Other	51	US	Premium	209	12	0.27	Desktop	0	1	0
4539	Female	40	AU	Free	35	43	0.12	Mobile	38	0	0
4540	Other	19	UK	Family	65	14	0.07	Mobile	0	1	0
4541	Male	33	DE	Free	219	55	0.52	Web	7	0	0
4542	Female	21	FR	Premium	103	82	0.37	Web	0	1	1
4543	Female	17	UK	Free	204	6	0.49	Web	44	0	0
4544	Female	38	FR	Free	42	31	0.51	Mobile	15	0	0
4545	Male	35	IN	Family	194	76	0.12	Desktop	0	1	0
4546	Female	30	CA	Family	32	35	0.31	Desktop	0	1	0
4547	Other	37	DE	Premium	22	91	0.3	Desktop	0	1	0
4548	Other	42	DE	Family	74	97	0.02	Desktop	0	1	0
4549	Male	26	UK	Free	233	69	0.42	Desktop	16	0	0
4550	Other	24	CA	Free	88	72	0.3	Web	41	0	0
4551	Male	45	AU	Premium	52	74	0.54	Desktop	0	1	1
4552	Female	23	FR	Student	232	30	0.52	Mobile	0	1	0
4553	Other	56	IN	Student	221	72	0.3	Desktop	0	1	0
4554	Other	39	UK	Premium	239	39	0.1	Mobile	0	1	0
4555	Other	49	DE	Family	105	99	0.01	Web	0	1	0
4556	Other	20	IN	Family	186	26	0.41	Desktop	0	1	0
4557	Female	24	CA	Premium	205	86	0.21	Mobile	0	1	0
4558	Other	56	FR	Premium	249	96	0.19	Desktop	0	1	1
4559	Female	23	UK	Family	242	2	0.34	Mobile	0	1	0
4560	Female	54	FR	Family	108	65	0.26	Web	0	1	0
4561	Male	19	DE	Student	179	61	0.19	Mobile	0	1	1
4562	Female	32	PK	Premium	106	94	0.07	Desktop	0	1	0
4563	Other	31	FR	Student	11	61	0	Web	0	1	0
4564	Male	32	FR	Family	116	77	0.57	Mobile	0	1	0
4565	Other	29	UK	Premium	42	51	0.6	Mobile	0	1	0
4566	Male	36	UK	Free	192	45	0.35	Web	37	0	1
4567	Female	30	UK	Family	96	10	0.39	Desktop	0	1	0
4568	Other	51	DE	Premium	279	13	0.22	Web	0	1	1
4569	Other	23	US	Family	105	15	0.49	Desktop	0	1	1
4570	Other	55	PK	Family	204	10	0.12	Desktop	0	1	0
4571	Male	48	PK	Family	174	99	0.39	Web	0	1	0
4572	Other	19	AU	Premium	125	95	0.57	Desktop	0	1	1
4573	Other	44	FR	Free	241	42	0.19	Mobile	33	0	1
4574	Male	59	DE	Family	195	21	0.54	Desktop	0	1	0
4575	Female	39	CA	Free	68	43	0.1	Mobile	5	0	1
4576	Male	59	FR	Premium	187	79	0.31	Mobile	0	1	1
4577	Other	45	AU	Family	61	95	0.29	Web	0	1	1
4578	Male	39	CA	Student	112	53	0.27	Mobile	0	1	0
4579	Other	31	US	Premium	103	44	0.52	Desktop	0	1	0
4580	Female	51	PK	Student	126	22	0.58	Mobile	0	1	0
4581	Male	18	UK	Premium	276	22	0.18	Mobile	0	1	0
4582	Female	58	DE	Premium	225	82	0.06	Desktop	0	1	0
4583	Female	35	UK	Free	227	82	0.59	Desktop	7	0	1
4584	Other	45	US	Free	181	87	0.57	Mobile	40	0	0
4585	Other	44	IN	Student	255	74	0.43	Desktop	0	1	0
4586	Female	20	US	Premium	112	45	0.55	Web	0	1	0
4587	Female	48	AU	Free	29	99	0.4	Desktop	20	0	0
4588	Female	50	FR	Premium	129	25	0.34	Mobile	0	1	0
4589	Other	48	US	Free	107	6	0.06	Web	45	0	0
4590	Female	46	AU	Premium	281	72	0.11	Web	0	1	1
4591	Other	23	DE	Family	28	87	0.39	Desktop	0	1	0
4592	Male	40	DE	Student	132	39	0.09	Desktop	0	1	0
4593	Male	27	US	Premium	274	17	0.24	Desktop	0	1	1
4594	Other	36	FR	Family	205	60	0.43	Mobile	0	1	0
4595	Male	56	UK	Student	190	94	0.44	Web	0	1	0
4596	Male	43	PK	Family	163	36	0.28	Desktop	0	1	0
4597	Other	18	DE	Student	143	93	0.59	Desktop	0	1	0
4598	Male	23	UK	Free	20	90	0.01	Web	44	0	1
4599	Male	55	FR	Premium	234	75	0.54	Web	0	1	0
4600	Female	44	DE	Family	59	6	0.57	Desktop	0	1	1
4601	Male	42	AU	Family	172	28	0.56	Mobile	0	1	0
4602	Female	17	FR	Student	206	61	0.1	Mobile	0	1	1
4603	Other	36	IN	Premium	226	24	0.08	Desktop	0	1	1
4604	Female	44	FR	Family	41	46	0.25	Mobile	0	1	0
4605	Male	20	AU	Student	215	71	0.56	Mobile	0	1	0
4606	Other	55	UK	Student	108	66	0.35	Web	0	1	0
4607	Other	28	PK	Free	108	68	0	Desktop	21	0	1
4608	Female	35	FR	Premium	283	39	0.12	Mobile	0	1	0
4609	Male	30	US	Family	36	6	0.06	Web	0	1	1
4610	Female	59	PK	Student	276	23	0.45	Desktop	0	1	1
4611	Male	47	FR	Premium	73	59	0.42	Mobile	0	1	0
4612	Other	46	FR	Free	10	41	0.52	Desktop	20	0	1
4613	Male	37	PK	Family	110	38	0.57	Web	0	1	1
4614	Female	52	US	Family	177	83	0.45	Desktop	0	1	0
4615	Other	23	DE	Free	155	88	0.34	Web	9	0	0
4616	Female	54	UK	Free	33	61	0.59	Mobile	29	0	1
4617	Female	49	CA	Free	121	19	0.24	Web	46	0	0
4618	Male	53	IN	Family	205	60	0.37	Desktop	0	1	0
4619	Female	29	FR	Free	114	32	0.1	Web	12	0	0
4620	Other	33	AU	Family	50	79	0.14	Desktop	0	1	1
4621	Male	58	UK	Premium	145	15	0.32	Web	0	1	0
4622	Female	47	AU	Student	137	70	0.1	Mobile	0	1	0
4623	Male	22	PK	Family	265	30	0.36	Mobile	0	1	0
4624	Other	36	CA	Free	106	30	0.47	Desktop	35	0	0
4625	Other	40	DE	Premium	176	16	0.18	Web	0	1	0
4626	Other	28	DE	Family	32	92	0.37	Mobile	0	1	1
4627	Female	35	AU	Student	161	95	0.53	Web	0	1	0
4628	Male	51	US	Premium	85	90	0.33	Web	0	1	1
4629	Female	43	AU	Premium	216	55	0.5	Mobile	0	1	0
4630	Male	21	US	Student	40	99	0.51	Desktop	0	1	1
4631	Other	53	IN	Student	270	7	0.41	Desktop	0	1	0
4632	Male	57	AU	Student	237	29	0.56	Mobile	0	1	0
4633	Male	27	CA	Free	61	63	0.11	Web	13	0	0
4634	Female	34	CA	Student	189	94	0.29	Mobile	0	1	0
4635	Male	47	IN	Free	287	80	0.43	Web	24	0	1
4636	Male	38	US	Student	107	80	0.5	Desktop	0	1	0
4637	Male	21	IN	Free	121	15	0.01	Web	17	0	0
4638	Male	17	CA	Premium	264	61	0.51	Desktop	0	1	0
4639	Male	52	UK	Free	253	43	0.41	Desktop	43	0	0
4640	Female	31	AU	Free	159	52	0	Mobile	41	0	1
4641	Other	28	AU	Free	26	36	0.47	Desktop	35	0	0
4642	Female	21	UK	Family	40	61	0.06	Desktop	0	1	0
4643	Female	52	PK	Family	64	85	0.17	Mobile	0	1	0
4644	Other	22	IN	Student	241	40	0.31	Mobile	0	1	1
4645	Female	50	US	Premium	289	16	0.31	Desktop	0	1	0
4646	Other	23	IN	Family	292	74	0.35	Desktop	0	1	0
4647	Other	36	UK	Premium	226	2	0.13	Mobile	0	1	1
4648	Other	46	IN	Free	238	29	0.45	Mobile	26	0	0
4649	Female	51	PK	Student	128	40	0.41	Desktop	0	1	0
4650	Male	50	FR	Free	184	30	0.01	Web	39	0	0
4651	Female	33	AU	Student	66	53	0.03	Web	0	1	0
4652	Other	28	IN	Student	53	8	0.53	Web	0	1	0
4653	Male	44	DE	Student	180	39	0.51	Mobile	0	1	1
4654	Female	37	FR	Premium	110	1	0.05	Desktop	0	1	0
4655	Other	31	UK	Family	212	24	0.44	Mobile	0	1	0
4656	Other	49	UK	Free	78	22	0.48	Mobile	48	0	1
4657	Other	16	US	Free	278	77	0.47	Desktop	32	0	0
4658	Other	31	FR	Free	170	16	0.16	Mobile	45	0	1
4659	Male	44	CA	Student	210	29	0.29	Desktop	0	1	0
4660	Male	48	UK	Student	99	12	0.57	Desktop	0	1	0
4661	Other	53	DE	Premium	65	47	0.43	Desktop	0	1	0
4662	Other	48	US	Student	138	38	0.59	Desktop	0	1	0
4663	Female	47	IN	Premium	47	71	0.43	Desktop	0	1	0
4664	Male	18	FR	Family	152	57	0.38	Web	0	1	0
4665	Female	48	CA	Family	96	86	0.32	Mobile	0	1	0
4666	Female	22	IN	Family	261	32	0.31	Web	0	1	0
4667	Male	35	UK	Student	156	63	0.45	Desktop	0	1	0
4668	Male	42	IN	Free	268	64	0.22	Mobile	44	0	0
4669	Female	31	FR	Premium	246	92	0.3	Web	0	1	0
4670	Female	32	AU	Student	243	79	0.36	Desktop	0	1	1
4671	Male	37	DE	Free	218	76	0.44	Desktop	46	0	1
4672	Male	24	AU	Family	68	27	0.54	Web	0	1	0
4673	Other	19	DE	Family	16	48	0.45	Desktop	0	1	0
4674	Other	38	DE	Student	89	86	0.12	Web	0	1	0
4675	Other	44	FR	Free	11	82	0.37	Mobile	36	0	1
4676	Other	48	AU	Family	169	93	0.15	Web	0	1	0
4677	Female	56	US	Free	225	53	0.27	Desktop	47	0	0
4678	Other	30	CA	Student	21	67	0.37	Web	0	1	0
4679	Male	17	DE	Student	164	18	0.13	Mobile	0	1	0
4680	Female	28	FR	Free	240	28	0.22	Web	16	0	0
4681	Other	32	US	Family	58	97	0.27	Mobile	0	1	1
4682	Other	24	IN	Family	243	64	0.1	Desktop	0	1	0
4683	Other	26	UK	Student	133	91	0.14	Desktop	0	1	1
4684	Female	22	AU	Family	201	43	0.11	Desktop	0	1	0
4685	Other	27	DE	Premium	291	11	0.51	Web	0	1	1
4686	Female	50	UK	Premium	291	18	0.55	Mobile	0	1	0
4687	Male	37	DE	Student	96	23	0.36	Mobile	0	1	0
4688	Male	49	FR	Family	34	93	0.37	Mobile	0	1	0
4689	Male	48	US	Student	33	52	0.43	Web	0	1	1
4690	Female	45	AU	Student	166	59	0.56	Desktop	0	1	0
4691	Other	58	FR	Family	297	56	0.53	Desktop	0	1	1
4692	Other	35	US	Premium	204	40	0.17	Mobile	0	1	0
4693	Male	36	FR	Premium	182	81	0.26	Desktop	0	1	0
4694	Female	33	IN	Family	102	18	0.09	Web	0	1	0
4695	Male	28	AU	Premium	119	25	0.52	Mobile	0	1	0
4696	Male	32	IN	Family	274	62	0.51	Mobile	0	1	1
4697	Male	34	IN	Family	177	11	0.34	Web	0	1	0
4698	Other	20	FR	Family	163	96	0.11	Mobile	0	1	0
4699	Other	58	UK	Premium	103	54	0.28	Mobile	0	1	1
4700	Other	30	IN	Student	136	16	0.22	Mobile	0	1	0
4701	Female	33	US	Premium	266	45	0.39	Mobile	0	1	1
4702	Other	34	AU	Family	29	43	0.53	Web	0	1	0
4703	Male	20	IN	Free	266	36	0.46	Desktop	34	0	0
4704	Female	39	PK	Free	172	58	0.45	Desktop	12	0	0
4705	Male	28	PK	Family	33	28	0.18	Web	0	1	1
4706	Other	32	FR	Free	110	50	0.01	Mobile	13	0	0
4707	Male	48	CA	Premium	69	79	0.45	Web	0	1	0
4708	Male	49	DE	Free	191	48	0.03	Mobile	36	0	1
4709	Male	59	AU	Premium	229	96	0.35	Desktop	0	1	0
4710	Other	21	AU	Premium	286	5	0.31	Mobile	0	1	0
4711	Female	18	DE	Family	158	89	0.26	Desktop	0	1	0
4712	Male	55	FR	Student	136	64	0.28	Web	0	1	1
4713	Other	48	US	Student	102	51	0.36	Web	0	1	0
4714	Male	17	US	Student	227	41	0.47	Desktop	0	1	0
4715	Female	36	UK	Premium	40	37	0.52	Mobile	0	1	0
4716	Female	27	UK	Free	138	40	0.28	Web	27	0	0
4717	Other	48	FR	Student	251	11	0.24	Desktop	0	1	0
4718	Female	20	IN	Premium	174	70	0.32	Mobile	0	1	0
4719	Other	49	IN	Free	23	7	0.43	Mobile	40	0	0
4720	Female	22	FR	Student	280	10	0.32	Desktop	0	1	0
4721	Other	54	FR	Premium	242	23	0.15	Desktop	0	1	0
4722	Female	55	IN	Premium	28	33	0.23	Web	0	1	1
4723	Male	25	DE	Family	173	71	0.38	Desktop	0	1	0
4724	Female	36	AU	Family	108	57	0.35	Desktop	0	1	0
4725	Female	32	UK	Free	161	20	0.01	Desktop	16	0	1
4726	Other	33	AU	Student	204	88	0.13	Desktop	0	1	0
4727	Other	58	US	Family	208	68	0.19	Desktop	0	1	1
4728	Male	32	DE	Student	157	43	0.26	Web	0	1	0
4729	Male	41	FR	Student	273	57	0.46	Desktop	0	1	1
4730	Female	39	FR	Free	251	3	0.27	Desktop	9	0	1
4731	Female	29	US	Premium	215	38	0.55	Web	0	1	1
4732	Female	42	FR	Premium	206	47	0.35	Web	0	1	0
4733	Male	56	FR	Student	162	29	0.32	Web	0	1	1
4734	Female	29	DE	Free	254	30	0.4	Mobile	7	0	0
4735	Other	48	FR	Free	171	56	0.41	Web	20	0	0
4736	Other	24	UK	Premium	131	38	0.27	Mobile	0	1	0
4737	Other	44	AU	Student	250	21	0.48	Desktop	0	1	0
4738	Male	21	FR	Free	37	55	0.29	Web	36	0	0
4739	Male	44	DE	Premium	263	36	0.14	Mobile	0	1	0
4740	Female	25	US	Family	123	20	0.2	Desktop	0	1	1
4741	Male	56	US	Premium	294	99	0.01	Desktop	0	1	0
4742	Other	46	PK	Student	150	77	0.5	Mobile	0	1	0
4743	Male	47	FR	Family	248	23	0.35	Desktop	0	1	0
4744	Female	18	US	Premium	221	99	0.15	Web	0	1	0
4745	Female	21	DE	Free	167	48	0.21	Web	32	0	0
4746	Male	56	FR	Free	242	85	0.1	Mobile	21	0	0
4747	Female	56	CA	Student	295	26	0.53	Mobile	0	1	0
4748	Male	21	FR	Premium	282	21	0.02	Web	0	1	0
4749	Female	48	AU	Free	31	46	0.08	Web	47	0	1
4750	Female	59	PK	Student	71	45	0.22	Web	0	1	0
4751	Female	37	AU	Student	10	90	0.09	Desktop	0	1	0
4752	Female	44	PK	Premium	269	9	0.44	Mobile	0	1	0
4753	Other	20	US	Premium	105	80	0.4	Mobile	0	1	0
4754	Other	50	DE	Student	98	4	0.52	Mobile	0	1	0
4755	Female	22	UK	Free	97	62	0.33	Web	45	0	1
4756	Male	47	CA	Free	52	43	0.04	Desktop	48	0	0
4757	Female	37	PK	Free	242	23	0.56	Web	21	0	0
4758	Female	48	DE	Free	44	56	0.5	Desktop	26	0	0
4759	Male	22	AU	Free	180	23	0	Mobile	9	0	0
4760	Female	58	CA	Free	255	90	0	Mobile	8	0	0
4761	Male	32	IN	Family	65	25	0.02	Web	0	1	1
4762	Male	21	FR	Student	131	55	0.21	Web	0	1	0
4763	Other	28	AU	Family	98	25	0.59	Desktop	0	1	1
4764	Male	46	IN	Free	116	10	0.54	Mobile	20	0	1
4765	Other	43	AU	Student	256	4	0.42	Desktop	0	1	0
4766	Male	22	CA	Family	169	41	0.47	Mobile	0	1	0
4767	Female	58	IN	Student	99	12	0.51	Mobile	0	1	1
4768	Other	16	DE	Family	110	24	0.45	Mobile	0	1	0
4769	Female	55	AU	Student	178	86	0.24	Web	0	1	0
4770	Other	47	DE	Free	104	39	0.21	Desktop	13	0	0
4771	Other	31	FR	Student	79	57	0.47	Web	0	1	0
4772	Female	58	PK	Family	70	54	0.1	Mobile	0	1	1
4773	Female	44	DE	Family	199	90	0.53	Desktop	0	1	0
4774	Female	37	PK	Student	262	30	0.42	Desktop	0	1	0
4775	Male	23	DE	Student	294	27	0.37	Desktop	0	1	1
4776	Female	50	CA	Free	74	80	0.59	Desktop	25	0	0
4777	Other	47	IN	Family	45	95	0.43	Web	0	1	0
4778	Male	50	AU	Premium	131	27	0.57	Web	0	1	0
4779	Female	43	PK	Premium	165	14	0.06	Desktop	0	1	1
4780	Other	46	IN	Family	27	26	0.22	Desktop	0	1	0
4781	Male	36	FR	Premium	199	97	0.52	Desktop	0	1	0
4782	Male	41	PK	Student	107	59	0.4	Desktop	0	1	0
4783	Female	39	CA	Student	49	84	0.3	Web	0	1	0
4784	Male	50	PK	Premium	265	77	0.44	Mobile	0	1	0
4785	Female	22	US	Student	106	76	0.07	Desktop	0	1	0
4786	Other	49	US	Student	103	34	0.18	Web	0	1	0
4787	Other	59	IN	Free	224	92	0.36	Web	10	0	0
4788	Female	57	DE	Family	243	42	0.32	Desktop	0	1	0
4789	Male	34	AU	Free	17	82	0.48	Desktop	19	0	0
4790	Other	51	UK	Premium	173	61	0.35	Web	0	1	1
4791	Other	46	FR	Premium	97	56	0.26	Desktop	0	1	0
4792	Male	22	FR	Free	162	44	0.01	Mobile	15	0	0
4793	Other	52	DE	Free	147	9	0.11	Web	21	0	0
4794	Female	50	US	Student	27	55	0.08	Mobile	0	1	0
4795	Male	27	US	Free	88	52	0.1	Web	10	0	0
4796	Male	38	CA	Student	294	55	0.31	Desktop	0	1	0
4797	Male	59	AU	Family	235	46	0.3	Mobile	0	1	1
4798	Other	45	AU	Student	296	5	0.39	Mobile	0	1	1
4799	Other	31	UK	Premium	249	86	0.57	Web	0	1	0
4800	Male	22	PK	Family	197	85	0.03	Mobile	0	1	0
4801	Other	24	PK	Premium	221	67	0.58	Mobile	0	1	0
4802	Female	44	FR	Free	46	20	0.23	Desktop	32	0	0
4803	Female	59	US	Student	18	95	0.46	Desktop	0	1	0
4804	Other	34	FR	Premium	105	24	0.58	Mobile	0	1	0
4805	Male	28	US	Student	256	84	0.21	Mobile	0	1	0
4806	Other	40	UK	Free	253	55	0.09	Web	25	0	0
4807	Female	33	CA	Free	27	66	0.4	Desktop	28	0	1
4808	Other	27	FR	Student	224	88	0.01	Mobile	0	1	0
4809	Other	56	DE	Student	24	29	0.16	Web	0	1	0
4810	Male	26	US	Free	102	2	0.04	Desktop	19	0	0
4811	Female	54	FR	Premium	231	41	0.15	Mobile	0	1	0
4812	Female	32	AU	Family	275	95	0.1	Web	0	1	0
4813	Female	26	PK	Free	70	7	0.5	Desktop	30	0	0
4814	Male	45	AU	Free	247	79	0.06	Web	13	0	0
4815	Female	58	CA	Free	290	49	0.14	Mobile	44	0	1
4816	Male	32	PK	Family	50	80	0.07	Desktop	0	1	0
4817	Male	40	FR	Family	50	39	0.2	Mobile	0	1	0
4818	Other	44	DE	Student	254	33	0.04	Web	0	1	1
4819	Male	17	UK	Student	166	53	0.32	Desktop	0	1	0
4820	Other	29	CA	Free	262	28	0.4	Desktop	9	0	0
4821	Female	47	FR	Premium	208	48	0.38	Mobile	0	1	1
4822	Female	24	UK	Family	36	47	0.08	Desktop	0	1	0
4823	Male	59	AU	Student	207	9	0.06	Mobile	0	1	0
4824	Other	21	CA	Free	281	84	0.34	Mobile	5	0	0
4825	Female	17	FR	Student	50	19	0.32	Desktop	0	1	0
4826	Male	42	UK	Student	80	71	0.34	Desktop	0	1	1
4827	Female	24	IN	Premium	17	88	0	Desktop	0	1	0
4828	Male	28	PK	Family	267	64	0.02	Desktop	0	1	1
4829	Female	26	FR	Family	126	41	0.2	Mobile	0	1	0
4830	Male	50	IN	Free	53	5	0.36	Mobile	11	0	1
4831	Male	21	US	Free	113	70	0.07	Web	9	0	0
4832	Other	51	PK	Student	165	43	0.39	Web	0	1	1
4833	Male	30	AU	Premium	43	99	0.51	Web	0	1	0
4834	Other	48	US	Family	243	65	0.23	Web	0	1	0
4835	Female	19	UK	Premium	192	79	0.22	Web	0	1	0
4836	Other	53	AU	Student	151	22	0.54	Mobile	0	1	1
4837	Male	30	UK	Family	23	55	0.12	Mobile	0	1	0
4838	Female	16	FR	Family	188	95	0.25	Desktop	0	1	0
4839	Male	39	FR	Premium	125	43	0.42	Mobile	0	1	1
4840	Other	51	AU	Premium	264	94	0.49	Mobile	0	1	1
4841	Male	33	CA	Free	253	67	0.54	Mobile	34	0	0
4842	Male	34	FR	Student	48	87	0.04	Web	0	1	0
4843	Male	41	CA	Family	17	95	0.23	Mobile	0	1	0
4844	Other	57	US	Student	76	92	0.51	Mobile	0	1	0
4845	Male	24	AU	Free	239	37	0.27	Desktop	36	0	1
4846	Male	24	IN	Premium	98	36	0.29	Desktop	0	1	0
4847	Other	26	AU	Free	229	61	0.29	Desktop	15	0	0
4848	Other	17	DE	Family	296	80	0.02	Mobile	0	1	0
4849	Female	26	CA	Family	235	51	0.08	Mobile	0	1	0
4850	Male	45	IN	Premium	49	96	0.14	Desktop	0	1	1
4851	Female	49	IN	Student	221	82	0.59	Mobile	0	1	1
4852	Male	48	DE	Family	103	80	0.24	Desktop	0	1	0
4853	Male	18	DE	Premium	72	11	0.46	Web	0	1	1
4854	Other	23	IN	Free	256	3	0.38	Mobile	11	0	0
4855	Female	45	IN	Family	18	79	0.3	Mobile	0	1	0
4856	Other	58	IN	Student	204	98	0.09	Web	0	1	0
4857	Male	28	CA	Premium	22	59	0.22	Web	0	1	0
4858	Male	48	UK	Family	68	35	0.29	Web	0	1	0
4859	Male	18	US	Student	23	58	0.5	Desktop	0	1	0
4860	Male	47	UK	Free	75	72	0	Desktop	38	0	0
4861	Female	48	PK	Family	131	45	0.29	Web	0	1	0
4862	Male	22	US	Student	42	78	0.26	Web	0	1	0
4863	Male	38	AU	Premium	96	90	0.07	Desktop	0	1	0
4864	Male	24	US	Free	114	88	0.35	Mobile	33	0	0
4865	Female	26	PK	Student	12	97	0.14	Web	0	1	1
4866	Other	40	US	Premium	295	82	0.41	Web	0	1	1
4867	Male	53	UK	Family	79	25	0.39	Desktop	0	1	0
4868	Male	21	UK	Free	41	32	0.46	Desktop	44	0	0
4869	Male	39	US	Family	273	10	0.53	Web	0	1	0
4870	Female	52	PK	Family	241	20	0	Mobile	0	1	0
4871	Other	40	UK	Family	242	18	0.37	Desktop	0	1	0
4872	Other	52	PK	Free	149	6	0.39	Web	47	0	0
4873	Other	17	CA	Family	232	88	0.22	Desktop	0	1	1
4874	Other	19	CA	Family	286	67	0.16	Desktop	0	1	0
4875	Female	16	CA	Family	12	98	0.22	Desktop	0	1	0
4876	Other	46	US	Family	231	72	0.25	Desktop	0	1	0
4877	Female	29	US	Free	49	30	0.34	Desktop	10	0	0
4878	Female	26	AU	Premium	237	33	0.16	Mobile	0	1	0
4879	Male	27	IN	Student	284	76	0.41	Mobile	0	1	1
4880	Other	57	CA	Premium	109	69	0.3	Mobile	0	1	0
4881	Female	20	AU	Premium	156	49	0.36	Web	0	1	0
4882	Male	36	DE	Student	123	62	0.05	Web	0	1	1
4883	Other	32	IN	Premium	87	48	0.07	Web	0	1	0
4884	Male	47	PK	Family	59	53	0.37	Web	0	1	0
4885	Male	25	UK	Student	170	97	0.31	Desktop	0	1	0
4886	Female	36	US	Family	190	49	0.15	Desktop	0	1	0
4887	Male	22	DE	Free	170	10	0.19	Web	16	0	0
4888	Other	58	PK	Student	71	11	0.58	Web	0	1	0
4889	Male	50	IN	Premium	213	16	0.49	Mobile	0	1	0
4890	Female	20	AU	Premium	115	74	0.12	Desktop	0	1	0
4891	Male	20	UK	Premium	99	58	0.17	Desktop	0	1	1
4892	Male	53	CA	Premium	14	47	0.08	Desktop	0	1	0
4893	Female	22	US	Student	211	19	0.24	Mobile	0	1	1
4894	Other	58	FR	Premium	17	17	0.21	Mobile	0	1	1
4895	Male	28	US	Family	122	36	0.04	Web	0	1	1
4896	Female	37	PK	Student	263	20	0.3	Mobile	0	1	1
4897	Male	57	PK	Student	162	41	0.56	Mobile	0	1	0
4898	Male	29	PK	Free	81	90	0.29	Desktop	8	0	0
4899	Female	32	DE	Free	223	31	0.01	Desktop	40	0	0
4900	Male	37	FR	Family	209	37	0.02	Mobile	0	1	0
4901	Other	17	IN	Family	90	1	0.07	Desktop	0	1	0
4902	Other	35	UK	Student	162	61	0.13	Desktop	0	1	1
4903	Female	52	IN	Family	117	42	0.06	Desktop	0	1	0
4904	Male	50	US	Premium	191	46	0.28	Web	0	1	0
4905	Male	23	FR	Family	215	98	0.21	Desktop	0	1	0
4906	Female	50	FR	Free	239	76	0.3	Web	11	0	0
4907	Male	51	AU	Free	37	87	0.44	Web	48	0	0
4908	Female	59	US	Family	179	54	0.17	Desktop	0	1	0
4909	Other	39	DE	Student	215	48	0.07	Desktop	0	1	1
4910	Female	39	US	Student	255	8	0.42	Mobile	0	1	0
4911	Male	37	FR	Premium	94	76	0.58	Web	0	1	0
4912	Other	42	AU	Premium	280	84	0.56	Mobile	0	1	1
4913	Other	57	FR	Free	186	30	0.03	Web	49	0	1
4914	Male	16	DE	Premium	66	39	0.15	Desktop	0	1	0
4915	Female	52	CA	Family	232	22	0.51	Desktop	0	1	1
4916	Other	41	CA	Free	246	25	0.29	Mobile	21	0	0
4917	Male	19	IN	Free	67	9	0.43	Mobile	10	0	1
4918	Male	58	AU	Premium	269	67	0.58	Web	0	1	0
4919	Male	21	UK	Free	235	9	0.3	Desktop	15	0	1
4920	Other	45	CA	Family	99	96	0.47	Mobile	0	1	1
4921	Male	42	IN	Family	281	69	0.08	Desktop	0	1	0
4922	Female	20	PK	Free	95	67	0.25	Mobile	17	0	0
4923	Female	33	US	Premium	105	30	0.43	Desktop	0	1	1
4924	Other	42	AU	Family	241	69	0.34	Web	0	1	0
4925	Male	49	AU	Student	265	31	0.56	Desktop	0	1	0
4926	Male	40	US	Free	30	4	0.16	Desktop	16	0	0
4927	Female	44	CA	Student	77	52	0.01	Desktop	0	1	0
4928	Other	28	AU	Student	115	22	0.48	Desktop	0	1	1
4929	Other	48	IN	Premium	205	51	0.19	Mobile	0	1	1
4930	Female	35	UK	Family	199	33	0.59	Mobile	0	1	0
4931	Other	54	DE	Family	200	48	0.34	Mobile	0	1	0
4932	Male	38	IN	Premium	210	4	0.41	Web	0	1	0
4933	Female	47	US	Free	139	31	0.05	Mobile	44	0	1
4934	Male	59	PK	Family	248	4	0.5	Desktop	0	1	0
4935	Other	55	FR	Free	41	5	0.48	Desktop	25	0	0
4936	Other	49	FR	Student	201	39	0.12	Web	0	1	0
4937	Female	35	US	Free	47	94	0	Web	27	0	0
4938	Male	53	DE	Free	39	37	0.17	Web	29	0	1
4939	Other	32	DE	Free	172	50	0.58	Mobile	10	0	0
4940	Female	50	DE	Student	233	85	0.02	Desktop	0	1	0
4941	Other	41	PK	Family	284	16	0.35	Web	0	1	0
4942	Female	24	UK	Premium	205	86	0.08	Mobile	0	1	0
4943	Other	46	IN	Family	260	31	0.49	Web	0	1	0
4944	Other	42	FR	Premium	14	20	0.16	Desktop	0	1	0
4945	Male	23	FR	Family	190	83	0.41	Desktop	0	1	1
4946	Male	42	AU	Student	189	39	0.07	Web	0	1	0
4947	Male	36	IN	Family	193	57	0.34	Mobile	0	1	0
4948	Other	31	US	Free	145	62	0.04	Desktop	30	0	1
4949	Female	41	FR	Free	92	55	0.56	Mobile	8	0	1
4950	Female	44	UK	Family	248	45	0.02	Web	0	1	0
4951	Male	50	CA	Family	238	70	0.42	Mobile	0	1	0
4952	Other	54	PK	Family	74	33	0.09	Web	0	1	1
4953	Male	38	AU	Student	264	71	0.27	Desktop	0	1	0
4954	Female	57	UK	Premium	288	99	0.31	Desktop	0	1	1
4955	Female	57	AU	Family	83	40	0.51	Web	0	1	0
4956	Male	22	UK	Student	65	64	0.15	Desktop	0	1	0
4957	Other	18	AU	Free	194	68	0.57	Web	38	0	0
4958	Male	19	IN	Family	83	85	0.45	Desktop	0	1	0
4959	Female	20	PK	Premium	153	92	0.3	Mobile	0	1	1
4960	Other	38	UK	Premium	67	68	0.32	Mobile	0	1	0
4961	Female	54	US	Free	142	46	0.35	Web	28	0	0
4962	Male	23	CA	Family	248	89	0.24	Desktop	0	1	1
4963	Female	49	US	Family	139	39	0.01	Mobile	0	1	1
4964	Other	56	PK	Premium	29	21	0.18	Web	0	1	1
4965	Male	39	US	Premium	144	70	0.35	Web	0	1	0
4966	Male	57	DE	Family	172	56	0.47	Web	0	1	0
4967	Male	54	IN	Student	65	4	0.35	Desktop	0	1	1
4968	Other	40	AU	Premium	31	34	0.29	Desktop	0	1	0
4969	Male	22	AU	Premium	293	98	0.35	Web	0	1	1
4970	Female	30	US	Premium	77	56	0.29	Web	0	1	1
4971	Other	23	UK	Free	43	75	0.58	Desktop	16	0	0
4972	Female	58	US	Student	147	81	0.1	Mobile	0	1	0
4973	Female	47	AU	Student	250	75	0.03	Mobile	0	1	0
4974	Other	44	IN	Family	105	49	0	Desktop	0	1	0
4975	Male	56	US	Student	231	4	0.56	Web	0	1	0
4976	Female	56	IN	Premium	285	96	0.2	Mobile	0	1	0
4977	Male	21	DE	Student	108	61	0.44	Mobile	0	1	0
4978	Female	17	US	Family	150	68	0.07	Mobile	0	1	1
4979	Female	54	US	Student	105	78	0.11	Mobile	0	1	0
4980	Female	50	US	Family	263	13	0.12	Web	0	1	0
4981	Male	17	UK	Free	78	2	0.32	Web	9	0	0
4982	Male	20	PK	Premium	200	52	0.46	Desktop	0	1	1
4983	Male	44	FR	Student	218	16	0.26	Web	0	1	0
4984	Female	27	FR	Student	22	58	0.33	Mobile	0	1	0
4985	Other	44	CA	Family	67	34	0.4	Web	0	1	1
4986	Other	40	AU	Family	12	93	0.19	Web	0	1	0
4987	Male	41	AU	Premium	37	72	0.3	Desktop	0	1	1
4988	Male	23	UK	Family	297	20	0.26	Mobile	0	1	1
4989	Male	37	FR	Free	231	33	0.2	Desktop	17	0	0
4990	Other	40	IN	Student	178	11	0.18	Desktop	0	1	0
4991	Male	57	US	Family	280	30	0.14	Web	0	1	0
4992	Other	36	UK	Student	254	73	0.24	Web	0	1	0
4993	Male	25	PK	Free	54	73	0.51	Desktop	45	0	1
4994	Other	57	AU	Free	276	11	0.25	Desktop	34	0	1
4995	Female	23	DE	Premium	230	18	0.1	Web	0	1	0
4996	Other	43	IN	Free	252	94	0.07	Mobile	26	0	1
4997	Female	40	IN	Premium	136	36	0.24	Web	0	1	0
4998	Female	16	AU	Family	163	71	0.49	Desktop	0	1	0
4999	Female	21	CA	Premium	138	18	0.28	Mobile	0	1	0
5000	Female	24	UK	Student	179	25	0.31	Desktop	0	1	0
5001	Other	19	IN	Premium	230	82	0.26	Web	0	1	0
5002	Other	31	PK	Family	18	57	0.29	Mobile	0	1	1
5003	Male	17	PK	Student	110	23	0.34	Mobile	0	1	0
5004	Male	59	DE	Premium	44	93	0.54	Desktop	0	1	0
5005	Male	24	FR	Student	66	37	0.09	Desktop	0	1	0
5006	Female	34	DE	Family	56	36	0.35	Mobile	0	1	0
5007	Male	21	DE	Premium	74	98	0.23	Web	0	1	1
5008	Female	32	AU	Student	72	64	0.47	Desktop	0	1	0
5009	Female	32	PK	Family	210	70	0.34	Desktop	0	1	0
5010	Female	58	UK	Family	95	4	0.14	Web	0	1	0
5011	Female	21	DE	Student	46	27	0.47	Web	0	1	0
5012	Male	43	DE	Free	118	93	0.12	Mobile	46	0	0
5013	Female	41	UK	Student	218	12	0.41	Desktop	0	1	0
5014	Female	17	DE	Premium	269	45	0.53	Desktop	0	1	0
5015	Other	37	FR	Premium	276	13	0.41	Web	0	1	0
5016	Male	20	FR	Free	105	82	0.5	Desktop	13	0	1
5017	Male	38	UK	Student	160	56	0.11	Web	0	1	1
5018	Female	23	US	Free	13	56	0.24	Mobile	29	0	0
5019	Other	20	AU	Premium	90	6	0.28	Desktop	0	1	1
5020	Other	43	PK	Family	150	66	0.3	Mobile	0	1	0
5021	Female	47	DE	Premium	117	12	0.36	Web	0	1	0
5022	Male	38	CA	Free	55	26	0.23	Desktop	45	0	1
5023	Male	49	IN	Student	105	83	0.01	Desktop	0	1	0
5024	Male	45	FR	Premium	229	68	0.05	Web	0	1	0
5025	Male	19	AU	Free	267	99	0.51	Web	35	0	0
5026	Male	19	DE	Premium	59	85	0.12	Desktop	0	1	0
5027	Other	33	IN	Free	90	7	0.22	Desktop	39	0	1
5028	Male	22	US	Premium	269	11	0.06	Mobile	0	1	0
5029	Male	24	US	Free	133	58	0.54	Mobile	36	0	1
5030	Other	21	IN	Premium	89	9	0.43	Mobile	0	1	0
5031	Other	51	CA	Premium	253	19	0.15	Mobile	0	1	0
5032	Female	18	FR	Free	14	82	0.04	Web	31	0	0
5033	Male	43	AU	Free	297	38	0.41	Web	18	0	0
5034	Other	16	US	Free	263	10	0.55	Web	11	0	1
5035	Female	22	DE	Free	22	99	0.21	Mobile	10	0	0
5036	Other	38	DE	Premium	256	73	0.3	Web	0	1	0
5037	Male	37	US	Premium	144	40	0.27	Desktop	0	1	0
5038	Female	37	AU	Student	89	18	0.48	Desktop	0	1	1
5039	Male	34	FR	Student	94	61	0.12	Desktop	0	1	0
5040	Other	21	US	Free	205	25	0.41	Web	45	0	0
5041	Male	55	DE	Family	14	68	0.42	Desktop	0	1	0
5042	Other	42	FR	Student	220	96	0.23	Web	0	1	0
5043	Other	57	UK	Student	80	93	0.24	Mobile	0	1	1
5044	Male	21	US	Student	55	79	0.19	Mobile	0	1	0
5045	Female	19	FR	Premium	47	56	0.02	Desktop	0	1	0
5046	Male	52	IN	Premium	126	95	0.38	Desktop	0	1	0
5047	Male	22	AU	Student	70	18	0.28	Web	0	1	0
5048	Other	20	DE	Family	132	80	0.35	Mobile	0	1	1
5049	Other	49	AU	Student	53	99	0.22	Mobile	0	1	1
5050	Male	33	US	Student	162	70	0.51	Web	0	1	0
5051	Male	44	US	Family	274	76	0.07	Web	0	1	0
5052	Female	36	IN	Student	290	88	0.43	Desktop	0	1	0
5053	Female	37	CA	Free	100	93	0.33	Desktop	27	0	0
5054	Female	58	AU	Premium	38	21	0.16	Desktop	0	1	0
5055	Male	39	FR	Family	204	48	0.36	Web	0	1	1
5056	Male	23	DE	Family	96	90	0.48	Desktop	0	1	0
5057	Female	17	DE	Free	125	18	0.35	Web	45	0	0
5058	Female	24	PK	Student	50	50	0.47	Mobile	0	1	1
5059	Other	18	PK	Free	188	79	0.22	Mobile	19	0	0
5060	Female	38	AU	Premium	32	44	0.19	Desktop	0	1	0
5061	Male	44	PK	Family	40	29	0.5	Desktop	0	1	0
5062	Male	23	IN	Family	169	76	0.49	Mobile	0	1	1
5063	Other	37	IN	Free	291	24	0.36	Desktop	30	0	0
5064	Female	17	DE	Free	203	57	0	Desktop	41	0	1
5065	Other	22	CA	Student	185	21	0.51	Mobile	0	1	1
5066	Female	23	US	Family	101	56	0.21	Mobile	0	1	0
5067	Male	20	PK	Family	250	97	0.24	Mobile	0	1	0
5068	Other	20	DE	Free	224	68	0.44	Web	5	0	0
5069	Female	59	UK	Family	34	78	0.17	Mobile	0	1	0
5070	Other	42	UK	Premium	77	15	0.18	Mobile	0	1	0
5071	Other	21	CA	Student	81	51	0.24	Desktop	0	1	0
5072	Other	47	UK	Free	216	75	0.19	Web	19	0	0
5073	Other	30	UK	Family	154	13	0.33	Mobile	0	1	0
5074	Male	40	DE	Premium	137	5	0.58	Web	0	1	0
5075	Male	24	AU	Student	160	42	0.05	Desktop	0	1	0
5076	Other	20	PK	Free	13	48	0.52	Desktop	40	0	0
5077	Other	55	IN	Student	180	55	0.34	Desktop	0	1	0
5078	Other	30	PK	Premium	285	39	0.35	Mobile	0	1	0
5079	Male	22	CA	Premium	192	78	0.11	Desktop	0	1	0
5080	Other	34	CA	Family	113	8	0.56	Mobile	0	1	0
5081	Male	39	AU	Premium	158	90	0.3	Desktop	0	1	1
5082	Female	36	AU	Free	231	91	0.22	Web	29	0	0
5083	Female	40	AU	Premium	99	15	0.58	Mobile	0	1	0
5084	Female	57	DE	Student	117	38	0.53	Mobile	0	1	0
5085	Female	54	US	Free	73	48	0.07	Mobile	40	0	1
5086	Other	21	UK	Free	21	20	0.18	Web	22	0	0
5087	Other	40	PK	Student	154	67	0.26	Mobile	0	1	0
5088	Female	47	AU	Premium	136	82	0.17	Desktop	0	1	0
5089	Other	33	IN	Family	107	55	0.37	Desktop	0	1	1
5090	Female	37	CA	Student	87	84	0.25	Mobile	0	1	0
5091	Female	33	UK	Premium	186	37	0.11	Mobile	0	1	0
5092	Female	16	AU	Premium	51	85	0.17	Web	0	1	0
5093	Other	53	IN	Student	285	30	0.46	Desktop	0	1	0
5094	Male	23	FR	Premium	207	86	0.06	Web	0	1	0
5095	Female	46	US	Free	252	85	0.53	Mobile	47	0	0
5096	Other	16	IN	Student	40	89	0.21	Web	0	1	0
5097	Other	51	PK	Free	41	85	0.48	Mobile	30	0	0
5098	Other	39	DE	Premium	159	77	0.15	Mobile	0	1	1
5099	Female	39	DE	Premium	29	87	0.03	Desktop	0	1	0
5100	Female	26	PK	Family	234	31	0.41	Web	0	1	0
5101	Female	17	UK	Premium	283	32	0.06	Mobile	0	1	0
5102	Female	19	FR	Student	261	49	0.06	Mobile	0	1	0
5103	Male	59	CA	Premium	100	66	0.43	Desktop	0	1	0
5104	Other	54	IN	Premium	12	19	0.46	Mobile	0	1	0
5105	Female	25	US	Premium	215	82	0.42	Desktop	0	1	1
5106	Male	49	CA	Student	163	48	0.56	Desktop	0	1	0
5107	Female	56	DE	Family	31	19	0.45	Web	0	1	0
5108	Female	31	UK	Premium	230	54	0.31	Web	0	1	1
5109	Female	59	IN	Free	136	62	0.39	Mobile	23	0	1
5110	Other	41	CA	Student	173	71	0.33	Mobile	0	1	0
5111	Female	44	DE	Student	149	54	0.17	Mobile	0	1	0
5112	Female	40	US	Student	212	75	0.3	Web	0	1	0
5113	Female	19	CA	Family	276	59	0.27	Desktop	0	1	0
5114	Male	50	FR	Free	47	62	0.41	Mobile	39	0	0
5115	Male	30	AU	Student	200	80	0.28	Desktop	0	1	0
5116	Female	54	CA	Student	238	57	0.51	Web	0	1	0
5117	Female	34	IN	Premium	75	92	0.43	Mobile	0	1	0
5118	Other	35	CA	Student	60	45	0.27	Mobile	0	1	0
5119	Male	56	CA	Premium	140	37	0.6	Web	0	1	0
5120	Male	31	AU	Premium	222	39	0.17	Mobile	0	1	0
5121	Female	22	AU	Free	215	32	0.44	Web	22	0	0
5122	Female	49	IN	Premium	214	41	0.59	Desktop	0	1	1
5123	Other	51	UK	Family	16	64	0.36	Mobile	0	1	1
5124	Other	24	UK	Family	224	60	0.2	Mobile	0	1	0
5125	Male	44	CA	Family	89	34	0.46	Desktop	0	1	0
5126	Male	18	AU	Family	156	32	0.21	Mobile	0	1	0
5127	Male	57	PK	Premium	149	14	0.4	Mobile	0	1	0
5128	Other	38	US	Student	20	93	0.32	Mobile	0	1	1
5129	Other	16	FR	Family	255	71	0.02	Web	0	1	1
5130	Female	40	FR	Free	152	7	0.44	Mobile	34	0	0
5131	Male	39	CA	Student	224	35	0.52	Web	0	1	1
5132	Female	32	PK	Student	214	99	0.46	Desktop	0	1	1
5133	Other	51	FR	Free	295	27	0.04	Web	34	0	1
5134	Male	59	FR	Family	149	46	0.53	Mobile	0	1	0
5135	Male	52	US	Premium	167	29	0.09	Mobile	0	1	0
5136	Female	59	CA	Premium	182	3	0.24	Desktop	0	1	0
5137	Male	16	AU	Free	157	46	0.14	Mobile	32	0	0
5138	Female	22	IN	Premium	15	49	0.22	Web	0	1	0
5139	Male	41	US	Premium	199	10	0.49	Desktop	0	1	0
5140	Female	49	IN	Free	201	48	0.22	Mobile	11	0	0
5141	Female	24	US	Free	183	76	0.04	Web	29	0	0
5142	Other	38	IN	Family	240	78	0.41	Web	0	1	0
5143	Male	40	UK	Premium	114	12	0.23	Mobile	0	1	0
5144	Female	16	UK	Free	150	71	0.1	Mobile	48	0	1
5145	Male	28	US	Free	61	92	0.55	Web	25	0	0
5146	Male	51	UK	Premium	51	59	0.14	Mobile	0	1	0
5147	Other	48	IN	Family	239	49	0.23	Desktop	0	1	0
5148	Male	54	IN	Family	113	26	0.31	Mobile	0	1	1
5149	Other	26	IN	Premium	237	33	0.03	Web	0	1	0
5150	Other	44	US	Student	194	17	0.49	Desktop	0	1	0
5151	Male	46	IN	Student	212	50	0.51	Desktop	0	1	1
5152	Female	27	US	Premium	62	3	0.07	Mobile	0	1	0
5153	Male	25	DE	Family	270	54	0.18	Desktop	0	1	0
5154	Male	30	CA	Student	71	46	0.25	Web	0	1	0
5155	Female	18	AU	Premium	209	2	0.11	Mobile	0	1	0
5156	Female	31	US	Premium	120	42	0.16	Web	0	1	0
5157	Male	30	CA	Student	277	85	0.2	Mobile	0	1	1
5158	Female	35	AU	Free	248	92	0.18	Web	35	0	1
5159	Other	42	DE	Premium	163	3	0.46	Mobile	0	1	0
5160	Male	44	PK	Family	117	15	0.12	Web	0	1	0
5161	Other	42	DE	Free	235	61	0.48	Desktop	37	0	0
5162	Male	27	AU	Free	255	22	0.01	Desktop	25	0	0
5163	Female	39	US	Family	191	16	0.31	Desktop	0	1	0
5164	Other	32	FR	Premium	113	90	0.48	Mobile	0	1	0
5165	Other	57	UK	Family	86	39	0.53	Web	0	1	1
5166	Female	54	DE	Family	97	94	0.3	Mobile	0	1	0
5167	Male	19	FR	Free	254	52	0.1	Mobile	24	0	0
5168	Male	32	AU	Family	290	54	0.28	Mobile	0	1	1
5169	Female	58	IN	Premium	241	64	0.28	Mobile	0	1	0
5170	Female	38	IN	Free	182	49	0.05	Desktop	49	0	0
5171	Female	37	IN	Family	172	45	0.51	Web	0	1	0
5172	Other	18	PK	Free	73	38	0.6	Mobile	15	0	1
5173	Male	32	UK	Free	152	51	0.29	Web	27	0	0
5174	Male	35	CA	Free	37	48	0	Mobile	10	0	0
5175	Female	47	PK	Premium	292	48	0.13	Web	0	1	1
5176	Male	45	IN	Free	62	31	0.36	Desktop	20	0	0
5177	Male	31	PK	Free	263	43	0.06	Web	23	0	1
5178	Female	20	PK	Family	58	48	0.35	Web	0	1	0
5179	Other	52	FR	Student	113	35	0.23	Desktop	0	1	0
5180	Other	50	AU	Premium	40	91	0.52	Web	0	1	1
5181	Other	20	FR	Premium	216	17	0.19	Web	0	1	1
5182	Other	36	CA	Premium	35	18	0.52	Mobile	0	1	0
5183	Male	17	DE	Free	289	85	0.57	Desktop	10	0	0
5184	Other	28	IN	Free	255	24	0.15	Desktop	6	0	0
5185	Other	29	FR	Student	277	8	0.18	Web	0	1	0
5186	Female	43	FR	Family	161	82	0.47	Desktop	0	1	0
5187	Male	48	AU	Premium	113	94	0.18	Web	0	1	0
5188	Other	40	DE	Free	277	21	0.41	Desktop	12	0	0
5189	Other	51	FR	Student	190	90	0.54	Mobile	0	1	1
5190	Female	19	DE	Free	256	46	0.42	Desktop	37	0	1
5191	Male	57	AU	Premium	294	88	0.12	Mobile	0	1	0
5192	Female	26	US	Family	97	41	0.22	Mobile	0	1	0
5193	Other	49	PK	Family	39	26	0.22	Mobile	0	1	0
5194	Female	56	IN	Family	264	91	0.47	Mobile	0	1	0
5195	Male	33	DE	Premium	285	94	0.07	Desktop	0	1	0
5196	Male	44	US	Premium	78	36	0.16	Web	0	1	0
5197	Male	54	PK	Free	144	77	0.05	Mobile	37	0	0
5198	Male	19	US	Family	239	21	0.59	Desktop	0	1	1
5199	Other	24	DE	Family	122	54	0.11	Desktop	0	1	0
5200	Male	43	FR	Free	142	83	0.55	Desktop	25	0	0
5201	Male	24	FR	Premium	133	60	0.18	Web	0	1	0
5202	Male	17	CA	Free	259	90	0.39	Mobile	41	0	0
5203	Female	41	AU	Family	161	83	0.05	Mobile	0	1	0
5204	Female	43	US	Premium	218	63	0.14	Mobile	0	1	1
5205	Other	51	PK	Student	51	78	0.29	Mobile	0	1	1
5206	Female	48	UK	Free	282	11	0.2	Mobile	29	0	1
5207	Female	57	UK	Premium	277	61	0.08	Web	0	1	0
5208	Female	30	IN	Premium	242	28	0.38	Desktop	0	1	1
5209	Male	27	DE	Free	11	50	0.32	Mobile	33	0	0
5210	Male	51	AU	Family	90	56	0.2	Web	0	1	0
5211	Male	39	FR	Premium	152	1	0.4	Desktop	0	1	0
5212	Other	29	PK	Premium	235	86	0.48	Web	0	1	0
5213	Female	29	AU	Student	256	47	0.58	Desktop	0	1	0
5214	Female	19	DE	Premium	232	21	0.16	Web	0	1	1
5215	Other	33	US	Student	237	62	0.41	Desktop	0	1	0
5216	Other	21	CA	Free	207	62	0.2	Mobile	33	0	0
5217	Male	21	UK	Free	101	30	0.52	Desktop	45	0	1
5218	Other	57	PK	Student	291	51	0.42	Web	0	1	0
5219	Female	18	AU	Family	135	16	0.54	Desktop	0	1	0
5220	Male	56	UK	Family	238	75	0.33	Web	0	1	0
5221	Female	37	UK	Family	53	32	0.24	Desktop	0	1	1
5222	Female	31	PK	Premium	105	67	0.19	Web	0	1	0
5223	Male	26	CA	Family	211	48	0.17	Desktop	0	1	0
5224	Female	48	US	Family	137	8	0.15	Mobile	0	1	0
5225	Other	34	AU	Premium	16	47	0.28	Web	0	1	1
5226	Male	57	US	Free	120	14	0.03	Desktop	44	0	0
5227	Female	16	UK	Student	260	56	0.4	Desktop	0	1	1
5228	Other	25	PK	Family	100	41	0.25	Mobile	0	1	0
5229	Female	23	CA	Premium	249	69	0.16	Desktop	0	1	0
5230	Other	20	UK	Family	111	13	0.5	Mobile	0	1	0
5231	Male	27	CA	Student	196	25	0.58	Web	0	1	0
5232	Female	28	IN	Premium	164	79	0.42	Desktop	0	1	0
5233	Female	22	FR	Student	230	57	0.12	Mobile	0	1	0
5234	Male	49	US	Free	128	4	0.49	Mobile	10	0	0
5235	Other	50	FR	Student	59	55	0.26	Mobile	0	1	0
5236	Other	59	IN	Family	87	99	0.31	Mobile	0	1	0
5237	Male	46	US	Student	229	33	0.13	Mobile	0	1	0
5238	Other	46	AU	Family	220	63	0.1	Web	0	1	0
5239	Male	59	CA	Student	208	84	0.15	Web	0	1	0
5240	Male	46	US	Student	108	14	0.38	Mobile	0	1	0
5241	Male	25	CA	Free	13	86	0.47	Mobile	34	0	0
5242	Female	58	PK	Free	118	52	0.3	Web	26	0	0
5243	Male	29	US	Student	169	71	0.58	Mobile	0	1	0
5244	Male	32	FR	Family	267	66	0.29	Desktop	0	1	1
5245	Female	46	PK	Free	28	19	0.25	Desktop	19	0	1
5246	Female	30	FR	Premium	244	64	0.21	Desktop	0	1	0
5247	Male	21	CA	Premium	284	91	0.53	Desktop	0	1	0
5248	Female	18	AU	Free	226	64	0.46	Mobile	28	0	0
5249	Female	28	FR	Student	243	8	0.15	Desktop	0	1	0
5250	Male	31	US	Student	253	83	0.09	Mobile	0	1	0
5251	Other	55	CA	Student	265	85	0.07	Desktop	0	1	0
5252	Male	16	PK	Student	165	96	0.29	Web	0	1	0
5253	Female	36	PK	Student	205	21	0.36	Mobile	0	1	0
5254	Other	55	CA	Free	97	5	0.28	Mobile	8	0	0
5255	Female	35	IN	Premium	25	85	0.07	Mobile	0	1	0
5256	Female	32	IN	Student	38	88	0.53	Desktop	0	1	0
5257	Other	54	UK	Free	152	88	0.21	Web	15	0	0
5258	Female	31	US	Premium	100	32	0.13	Web	0	1	1
5259	Female	43	US	Premium	225	4	0.37	Mobile	0	1	0
5260	Other	17	CA	Student	13	54	0.39	Mobile	0	1	1
5261	Male	45	FR	Free	27	63	0.1	Desktop	34	0	0
5262	Other	59	PK	Student	246	87	0.32	Mobile	0	1	1
5263	Female	30	AU	Free	27	92	0.08	Mobile	6	0	1
5264	Other	16	IN	Free	56	20	0.01	Web	16	0	0
5265	Male	38	UK	Premium	273	28	0.25	Mobile	0	1	0
5266	Male	30	US	Premium	185	36	0.15	Web	0	1	1
5267	Female	52	AU	Premium	132	44	0.33	Mobile	0	1	0
5268	Other	30	DE	Free	108	89	0.09	Mobile	49	0	0
5269	Male	37	PK	Family	214	68	0.39	Mobile	0	1	0
5270	Male	19	DE	Family	159	60	0.04	Desktop	0	1	0
5271	Other	57	CA	Premium	91	22	0.03	Web	0	1	0
5272	Female	49	UK	Premium	56	51	0.31	Mobile	0	1	0
5273	Other	50	UK	Free	125	7	0.14	Mobile	49	0	0
5274	Male	36	PK	Premium	148	49	0.01	Web	0	1	0
5275	Female	32	CA	Family	99	62	0.22	Web	0	1	1
5276	Male	20	IN	Premium	248	78	0.27	Desktop	0	1	1
5277	Female	54	IN	Student	169	38	0.15	Web	0	1	0
5278	Female	32	FR	Student	126	57	0.02	Mobile	0	1	1
5279	Male	32	CA	Family	189	95	0.17	Desktop	0	1	1
5280	Other	31	UK	Student	81	36	0.43	Mobile	0	1	0
5281	Female	31	DE	Free	75	15	0.23	Desktop	41	0	0
5282	Female	42	DE	Free	98	29	0.34	Web	39	0	0
5283	Male	53	CA	Premium	24	7	0.32	Desktop	0	1	1
5284	Other	19	US	Premium	75	76	0.28	Desktop	0	1	0
5285	Female	51	UK	Free	140	21	0.4	Desktop	33	0	0
5286	Male	18	AU	Student	210	89	0.57	Web	0	1	1
5287	Female	51	US	Premium	54	53	0.1	Desktop	0	1	0
5288	Female	27	IN	Free	26	95	0.17	Web	47	0	1
5289	Male	29	AU	Premium	203	72	0.58	Mobile	0	1	0
5290	Female	16	US	Free	268	98	0.59	Mobile	8	0	1
5291	Other	52	FR	Free	36	77	0.52	Web	13	0	0
5292	Female	47	DE	Student	268	20	0.12	Desktop	0	1	0
5293	Female	21	AU	Family	24	31	0.3	Mobile	0	1	1
5294	Other	25	PK	Family	54	43	0	Desktop	0	1	0
5295	Male	20	IN	Premium	190	41	0.38	Web	0	1	1
5296	Male	59	IN	Premium	285	72	0.34	Desktop	0	1	0
5297	Other	54	CA	Premium	271	82	0.11	Desktop	0	1	0
5298	Other	34	US	Premium	58	54	0.13	Web	0	1	0
5299	Female	46	CA	Family	68	80	0.02	Mobile	0	1	0
5300	Female	50	US	Free	245	50	0.07	Mobile	7	0	0
5301	Female	19	UK	Student	257	43	0.33	Desktop	0	1	1
5302	Male	37	FR	Premium	53	59	0.13	Web	0	1	0
5303	Other	53	AU	Premium	13	39	0.44	Mobile	0	1	0
5304	Female	53	DE	Family	58	96	0.43	Desktop	0	1	0
5305	Female	54	DE	Family	174	89	0.3	Mobile	0	1	1
5306	Male	33	CA	Free	29	54	0.04	Web	5	0	1
5307	Other	49	IN	Student	280	51	0.37	Desktop	0	1	0
5308	Female	39	AU	Student	277	91	0.11	Desktop	0	1	0
5309	Other	32	AU	Premium	296	1	0.02	Mobile	0	1	0
5310	Other	37	UK	Free	171	42	0.15	Desktop	32	0	0
5311	Male	28	UK	Premium	270	5	0.09	Web	0	1	0
5312	Other	36	DE	Family	29	55	0.27	Mobile	0	1	0
5313	Other	42	US	Free	65	87	0.24	Desktop	23	0	0
5314	Female	22	CA	Free	232	70	0.55	Web	12	0	1
5315	Female	21	US	Student	90	65	0.4	Web	0	1	0
5316	Female	54	PK	Premium	182	78	0.25	Mobile	0	1	1
5317	Other	58	UK	Family	47	96	0.35	Mobile	0	1	1
5318	Female	25	FR	Free	107	83	0.13	Mobile	17	0	0
5319	Male	37	PK	Free	12	87	0.42	Desktop	30	0	0
5320	Female	33	AU	Family	204	96	0.5	Desktop	0	1	0
5321	Other	57	US	Premium	292	23	0.07	Desktop	0	1	0
5322	Female	44	DE	Family	213	56	0.06	Web	0	1	1
5323	Male	37	UK	Student	286	75	0.21	Web	0	1	0
5324	Female	46	PK	Family	116	49	0.45	Mobile	0	1	0
5325	Male	57	PK	Free	266	19	0.36	Web	35	0	0
5326	Female	42	DE	Free	74	96	0.42	Web	49	0	0
5327	Male	25	US	Free	171	52	0.36	Web	11	0	0
5328	Other	36	AU	Free	164	66	0.1	Web	48	0	0
5329	Female	56	AU	Family	216	73	0.56	Mobile	0	1	0
5330	Male	25	CA	Free	26	24	0.01	Mobile	42	0	0
5331	Female	42	CA	Premium	129	77	0.55	Desktop	0	1	1
5332	Male	36	CA	Family	94	99	0.32	Web	0	1	0
5333	Male	59	DE	Family	117	12	0.48	Mobile	0	1	0
5334	Female	46	UK	Free	298	18	0.27	Web	35	0	0
5335	Female	33	CA	Family	151	69	0.51	Desktop	0	1	0
5336	Female	53	US	Premium	111	65	0.28	Desktop	0	1	0
5337	Male	58	CA	Premium	135	34	0.22	Web	0	1	0
5338	Female	48	DE	Free	179	36	0.34	Web	32	0	0
5339	Other	44	US	Premium	142	51	0.09	Desktop	0	1	1
5340	Female	39	FR	Premium	61	42	0.27	Mobile	0	1	1
5341	Male	57	US	Family	123	62	0.04	Web	0	1	0
5342	Male	28	CA	Premium	89	22	0.13	Web	0	1	0
5343	Female	33	AU	Premium	56	87	0.44	Mobile	0	1	0
5344	Other	17	US	Student	181	73	0.13	Desktop	0	1	0
5345	Male	49	IN	Free	170	2	0.17	Web	43	0	1
5346	Male	48	AU	Premium	249	5	0.36	Desktop	0	1	0
5347	Female	27	AU	Family	246	60	0.14	Web	0	1	0
5348	Other	38	CA	Premium	226	61	0.17	Web	0	1	1
5349	Other	54	CA	Student	274	32	0.03	Web	0	1	0
5350	Male	44	UK	Premium	293	95	0.45	Web	0	1	0
5351	Female	30	PK	Family	150	78	0.47	Mobile	0	1	0
5352	Female	52	PK	Student	44	43	0.03	Mobile	0	1	0
5353	Male	53	UK	Student	27	2	0.08	Desktop	0	1	0
5354	Male	17	CA	Free	233	93	0.3	Mobile	12	0	1
5355	Female	20	DE	Free	166	37	0.44	Web	20	0	0
5356	Female	27	IN	Premium	63	4	0.01	Desktop	0	1	0
5357	Male	28	UK	Premium	208	96	0.26	Web	0	1	0
5358	Female	35	FR	Family	276	25	0.49	Web	0	1	0
5359	Male	41	PK	Student	200	70	0.38	Mobile	0	1	1
5360	Female	51	FR	Premium	143	6	0.34	Mobile	0	1	1
5361	Female	19	US	Student	206	66	0.55	Web	0	1	0
5362	Female	18	DE	Student	19	74	0.31	Desktop	0	1	0
5363	Female	51	UK	Free	230	72	0.05	Desktop	32	0	0
5364	Male	49	AU	Premium	130	69	0.43	Web	0	1	0
5365	Other	46	PK	Free	239	64	0.57	Web	40	0	0
5366	Male	31	CA	Premium	104	69	0.4	Desktop	0	1	0
5367	Male	49	CA	Family	76	97	0.09	Desktop	0	1	0
5368	Other	47	FR	Student	191	44	0.53	Mobile	0	1	0
5369	Female	21	AU	Premium	208	91	0.2	Desktop	0	1	1
5370	Other	20	IN	Student	111	55	0.3	Mobile	0	1	0
5371	Other	35	PK	Free	287	72	0.37	Mobile	26	0	0
5372	Other	37	US	Family	38	32	0.04	Desktop	0	1	1
5373	Male	45	CA	Student	160	98	0.31	Desktop	0	1	0
5374	Other	49	US	Family	150	85	0.04	Web	0	1	0
5375	Female	50	UK	Student	286	10	0.58	Mobile	0	1	0
5376	Male	39	UK	Premium	216	74	0.3	Mobile	0	1	0
5377	Female	20	PK	Premium	80	67	0.31	Desktop	0	1	0
5378	Male	50	DE	Premium	38	19	0.42	Mobile	0	1	0
5379	Female	39	US	Free	184	77	0.21	Mobile	7	0	0
5380	Male	35	PK	Family	70	23	0.28	Web	0	1	0
5381	Female	40	UK	Family	267	17	0.14	Web	0	1	0
5382	Other	19	US	Family	256	59	0.41	Web	0	1	0
5383	Female	52	IN	Student	166	91	0.04	Mobile	0	1	0
5384	Male	29	FR	Premium	49	12	0.34	Web	0	1	0
5385	Female	22	UK	Student	166	97	0.54	Web	0	1	0
5386	Other	45	UK	Free	131	78	0.13	Desktop	39	0	1
5387	Other	55	IN	Free	190	68	0.13	Mobile	31	0	1
5388	Female	30	DE	Family	211	57	0.15	Web	0	1	0
5389	Male	55	AU	Free	248	54	0.48	Desktop	7	0	0
5390	Other	54	IN	Premium	206	21	0.56	Desktop	0	1	0
5391	Other	42	AU	Student	293	9	0.35	Desktop	0	1	0
5392	Female	42	DE	Student	15	27	0.14	Mobile	0	1	1
5393	Other	50	FR	Premium	115	68	0.19	Mobile	0	1	0
5394	Male	48	AU	Family	189	5	0.54	Desktop	0	1	1
5395	Male	56	UK	Student	117	82	0.22	Web	0	1	0
5396	Male	32	DE	Free	72	57	0.52	Web	25	0	0
5397	Female	43	UK	Premium	180	15	0.13	Desktop	0	1	1
5398	Female	57	UK	Family	294	9	0.37	Mobile	0	1	0
5399	Female	23	PK	Student	177	47	0.41	Desktop	0	1	1
5400	Male	49	CA	Premium	85	25	0.14	Web	0	1	1
5401	Male	44	FR	Student	269	51	0.47	Desktop	0	1	1
5402	Female	16	PK	Student	27	19	0.03	Desktop	0	1	1
5403	Female	27	IN	Student	38	38	0.38	Desktop	0	1	0
5404	Female	37	AU	Free	216	57	0.12	Mobile	44	0	1
5405	Other	46	IN	Family	202	84	0.48	Desktop	0	1	1
5406	Other	45	CA	Student	103	82	0.25	Desktop	0	1	0
5407	Male	19	IN	Student	85	98	0.23	Mobile	0	1	0
5408	Female	19	PK	Premium	283	3	0.49	Desktop	0	1	0
5409	Other	44	IN	Student	203	69	0.2	Mobile	0	1	0
5410	Other	27	US	Premium	77	5	0.49	Web	0	1	0
5411	Other	37	AU	Free	100	99	0.15	Mobile	26	0	0
5412	Male	16	AU	Family	113	43	0.37	Desktop	0	1	0
5413	Other	48	DE	Premium	175	23	0.59	Web	0	1	1
5414	Female	44	AU	Premium	90	47	0.59	Mobile	0	1	0
5415	Male	56	DE	Family	47	49	0.54	Desktop	0	1	0
5416	Female	44	DE	Free	94	13	0.23	Web	47	0	0
5417	Male	22	AU	Family	11	89	0.52	Desktop	0	1	0
5418	Male	18	PK	Free	299	3	0.23	Web	48	0	0
5419	Male	57	IN	Free	191	28	0.12	Mobile	11	0	0
5420	Male	48	IN	Family	250	40	0.13	Desktop	0	1	0
5421	Male	33	CA	Premium	298	34	0.15	Desktop	0	1	0
5422	Female	29	UK	Student	286	83	0.5	Web	0	1	0
5423	Female	42	PK	Premium	58	55	0.33	Mobile	0	1	0
5424	Female	16	FR	Free	172	66	0.54	Mobile	5	0	0
5425	Male	26	US	Free	14	16	0.34	Desktop	18	0	0
5426	Male	16	PK	Free	93	58	0.45	Mobile	26	0	0
5427	Male	57	DE	Student	175	96	0.03	Mobile	0	1	0
5428	Other	57	FR	Free	272	65	0.17	Desktop	42	0	0
5429	Male	33	CA	Premium	242	99	0.03	Mobile	0	1	1
5430	Male	23	AU	Free	40	24	0.28	Web	23	0	0
5431	Male	37	IN	Free	273	15	0.45	Mobile	12	0	0
5432	Other	46	UK	Premium	280	76	0.03	Web	0	1	0
5433	Female	16	DE	Free	30	40	0.32	Mobile	37	0	0
5434	Female	28	DE	Student	215	29	0.02	Mobile	0	1	0
5435	Male	25	UK	Free	231	2	0.59	Desktop	49	0	0
5436	Other	21	CA	Student	26	17	0.12	Desktop	0	1	0
5437	Male	22	FR	Free	55	45	0.1	Desktop	38	0	0
5438	Other	33	FR	Student	171	13	0.49	Mobile	0	1	0
5439	Male	41	UK	Student	90	7	0.45	Desktop	0	1	0
5440	Female	20	PK	Family	39	94	0.53	Mobile	0	1	0
5441	Female	17	FR	Free	256	61	0.39	Web	19	0	0
5442	Other	50	AU	Free	33	88	0.11	Desktop	24	0	0
5443	Other	37	DE	Premium	281	16	0.33	Mobile	0	1	0
5444	Other	49	US	Free	57	82	0.18	Desktop	30	0	0
5445	Other	16	AU	Premium	41	4	0.45	Desktop	0	1	0
5446	Male	48	IN	Free	58	14	0.32	Desktop	20	0	0
5447	Other	50	CA	Family	132	14	0.5	Web	0	1	1
5448	Other	18	FR	Student	169	45	0.04	Mobile	0	1	0
5449	Female	53	UK	Student	258	73	0.19	Web	0	1	0
5450	Other	17	CA	Student	197	26	0.48	Mobile	0	1	1
5451	Male	52	FR	Family	173	19	0.25	Desktop	0	1	0
5452	Female	48	UK	Student	63	19	0.57	Desktop	0	1	0
5453	Other	53	US	Premium	44	78	0.16	Desktop	0	1	0
5454	Male	37	UK	Premium	257	63	0.09	Desktop	0	1	0
5455	Other	55	IN	Free	79	26	0.08	Web	9	0	1
5456	Female	44	US	Family	189	1	0.42	Desktop	0	1	1
5457	Other	42	IN	Free	166	8	0.44	Web	34	0	0
5458	Female	21	DE	Premium	142	80	0.01	Web	0	1	0
5459	Female	50	FR	Premium	200	73	0.43	Web	0	1	0
5460	Male	28	US	Premium	39	83	0.5	Mobile	0	1	0
5461	Male	33	UK	Free	51	67	0.41	Web	36	0	0
5462	Male	44	FR	Premium	278	37	0.52	Web	0	1	0
5463	Other	41	PK	Premium	166	18	0.01	Web	0	1	0
5464	Other	21	FR	Premium	282	51	0.05	Mobile	0	1	0
5465	Other	28	FR	Free	179	62	0.37	Web	46	0	0
5466	Female	56	IN	Premium	208	54	0.46	Web	0	1	1
5467	Other	40	US	Student	63	54	0.31	Mobile	0	1	0
5468	Other	24	AU	Premium	163	55	0.2	Desktop	0	1	0
5469	Other	22	AU	Free	111	80	0.14	Mobile	16	0	0
5470	Female	26	UK	Free	60	12	0.5	Desktop	22	0	0
5471	Male	18	UK	Student	183	74	0.27	Web	0	1	0
5472	Male	54	AU	Student	175	6	0.54	Mobile	0	1	1
5473	Other	27	PK	Premium	197	29	0.21	Desktop	0	1	0
5474	Other	46	UK	Student	283	61	0.19	Desktop	0	1	0
5475	Male	21	PK	Premium	58	37	0.07	Desktop	0	1	0
5476	Male	31	AU	Premium	190	66	0.13	Desktop	0	1	1
5477	Other	31	UK	Premium	64	25	0.11	Web	0	1	0
5478	Male	53	DE	Student	29	57	0.21	Desktop	0	1	0
5479	Male	33	US	Student	241	29	0.2	Desktop	0	1	1
5480	Male	52	IN	Student	40	84	0.08	Desktop	0	1	0
5481	Female	18	DE	Family	154	71	0.24	Desktop	0	1	0
5482	Male	33	AU	Premium	105	67	0.57	Mobile	0	1	1
5483	Male	55	AU	Free	197	12	0.37	Web	19	0	0
5484	Female	48	CA	Student	123	60	0.11	Desktop	0	1	1
5485	Female	19	AU	Student	169	43	0.07	Desktop	0	1	0
5486	Male	58	FR	Student	298	85	0.35	Desktop	0	1	0
5487	Male	32	PK	Student	96	35	0.03	Mobile	0	1	1
5488	Male	53	US	Student	292	72	0.29	Desktop	0	1	1
5489	Male	51	IN	Free	159	73	0.47	Desktop	6	0	0
5490	Other	52	US	Free	29	23	0.11	Web	30	0	0
5491	Female	51	AU	Premium	143	7	0.31	Desktop	0	1	1
5492	Other	17	PK	Student	154	37	0.03	Desktop	0	1	0
5493	Other	50	DE	Premium	107	76	0.02	Desktop	0	1	1
5494	Other	41	UK	Free	86	19	0.26	Mobile	9	0	0
5495	Male	29	US	Student	52	23	0.27	Desktop	0	1	0
5496	Male	40	PK	Family	83	68	0.39	Web	0	1	1
5497	Female	18	AU	Student	247	26	0.4	Mobile	0	1	1
5498	Male	48	IN	Free	89	90	0.34	Desktop	22	0	1
5499	Female	29	DE	Student	290	28	0.39	Desktop	0	1	1
5500	Female	30	US	Free	251	54	0.2	Desktop	37	0	0
5501	Other	37	PK	Family	242	36	0.13	Web	0	1	0
5502	Other	59	PK	Student	152	80	0.07	Web	0	1	1
5503	Male	48	AU	Family	260	41	0.45	Desktop	0	1	1
5504	Male	56	PK	Free	263	52	0.3	Web	41	0	0
5505	Male	45	UK	Family	37	92	0.47	Web	0	1	0
5506	Male	36	CA	Family	27	89	0.51	Desktop	0	1	0
5507	Other	44	PK	Free	198	41	0.53	Web	43	0	0
5508	Female	58	PK	Premium	269	92	0.59	Web	0	1	0
5509	Male	25	AU	Family	30	74	0.26	Desktop	0	1	1
5510	Male	47	US	Student	112	73	0.11	Web	0	1	0
5511	Female	25	CA	Student	128	77	0.03	Web	0	1	1
5512	Female	26	DE	Student	185	76	0.3	Mobile	0	1	0
5513	Female	59	DE	Premium	296	16	0.54	Mobile	0	1	0
5514	Other	41	IN	Premium	65	92	0.21	Mobile	0	1	0
5515	Other	39	IN	Free	91	44	0.08	Web	43	0	0
5516	Other	42	PK	Premium	95	77	0.44	Desktop	0	1	0
5517	Other	37	CA	Premium	43	54	0.39	Desktop	0	1	0
5518	Other	27	CA	Family	232	65	0.44	Mobile	0	1	0
5519	Other	44	US	Free	57	63	0.52	Web	27	0	0
5520	Male	38	UK	Family	130	4	0.52	Mobile	0	1	1
5521	Male	57	IN	Premium	225	9	0.03	Mobile	0	1	1
5522	Female	47	CA	Premium	180	62	0.24	Mobile	0	1	0
5523	Female	31	US	Student	275	61	0.34	Desktop	0	1	0
5524	Female	38	IN	Free	262	39	0.34	Web	43	0	0
5525	Male	55	US	Family	39	25	0.21	Desktop	0	1	0
5526	Male	24	PK	Student	191	54	0.58	Desktop	0	1	0
5527	Other	57	DE	Free	58	41	0	Mobile	27	0	0
5528	Male	21	US	Family	283	45	0.42	Web	0	1	0
5529	Other	46	US	Premium	24	1	0.34	Desktop	0	1	1
5530	Male	58	IN	Family	130	80	0.17	Desktop	0	1	0
5531	Other	28	IN	Free	119	9	0.5	Mobile	25	0	1
5532	Other	20	UK	Family	38	11	0.47	Web	0	1	0
5533	Male	26	DE	Student	292	13	0.26	Web	0	1	0
5534	Other	23	FR	Family	173	83	0.24	Desktop	0	1	1
5535	Male	21	CA	Family	120	70	0.08	Desktop	0	1	0
5536	Female	36	CA	Free	236	41	0.46	Desktop	32	0	1
5537	Other	37	US	Premium	18	18	0.16	Web	0	1	0
5538	Other	28	AU	Free	62	61	0.5	Mobile	45	0	0
5539	Other	50	US	Free	231	86	0.58	Mobile	35	0	0
5540	Female	52	AU	Free	79	24	0.13	Web	32	0	0
5541	Other	43	CA	Student	146	83	0.59	Web	0	1	0
5542	Female	54	UK	Premium	36	68	0.35	Mobile	0	1	1
5543	Male	47	FR	Premium	195	53	0.37	Desktop	0	1	1
5544	Male	17	PK	Premium	115	80	0.1	Web	0	1	0
5545	Male	18	AU	Free	109	20	0.04	Web	26	0	1
5546	Male	43	DE	Family	159	75	0.24	Web	0	1	0
5547	Other	20	US	Premium	215	41	0.58	Web	0	1	0
5548	Female	38	CA	Premium	136	53	0.3	Desktop	0	1	0
5549	Male	56	US	Family	52	2	0.17	Mobile	0	1	0
5550	Male	32	PK	Student	61	91	0.47	Mobile	0	1	0
5551	Male	31	AU	Student	117	84	0.48	Desktop	0	1	0
5552	Female	53	US	Free	77	47	0.31	Web	38	0	0
5553	Other	43	DE	Family	154	74	0.49	Web	0	1	0
5554	Male	27	US	Free	207	78	0.37	Web	7	0	0
5555	Female	22	US	Premium	36	20	0.27	Web	0	1	1
5556	Female	51	US	Free	179	35	0.02	Mobile	39	0	0
5557	Female	54	US	Student	19	53	0.29	Desktop	0	1	1
5558	Male	22	UK	Premium	73	20	0.09	Mobile	0	1	0
5559	Male	51	IN	Free	230	84	0.43	Desktop	43	0	1
5560	Male	58	US	Family	253	98	0.17	Web	0	1	0
5561	Female	57	FR	Premium	295	76	0.39	Mobile	0	1	1
5562	Female	19	FR	Family	120	43	0.15	Desktop	0	1	0
5563	Other	45	UK	Free	137	5	0.41	Web	26	0	0
5564	Female	28	FR	Free	157	91	0.59	Desktop	38	0	1
5565	Male	54	UK	Premium	144	49	0.27	Desktop	0	1	1
5566	Male	55	FR	Family	34	70	0.38	Mobile	0	1	0
5567	Male	31	FR	Free	56	96	0.47	Web	46	0	1
5568	Female	44	DE	Free	191	25	0.26	Mobile	11	0	0
5569	Male	17	US	Student	291	4	0.02	Desktop	0	1	0
5570	Female	45	PK	Student	151	51	0.55	Web	0	1	0
5571	Other	26	US	Premium	200	82	0.5	Desktop	0	1	1
5572	Other	52	IN	Family	224	76	0.16	Mobile	0	1	0
5573	Other	30	PK	Student	211	41	0.3	Desktop	0	1	0
5574	Male	57	UK	Student	45	59	0.12	Mobile	0	1	0
5575	Other	44	PK	Premium	95	71	0.38	Desktop	0	1	1
5576	Female	29	AU	Premium	33	1	0.49	Desktop	0	1	0
5577	Female	42	CA	Student	101	49	0.31	Mobile	0	1	0
5578	Male	21	UK	Family	52	94	0.05	Mobile	0	1	0
5579	Female	23	AU	Student	254	35	0.57	Mobile	0	1	0
5580	Female	39	DE	Free	31	85	0.13	Web	25	0	0
5581	Female	19	DE	Premium	114	35	0.04	Web	0	1	0
5582	Female	34	PK	Free	55	3	0.34	Mobile	34	0	0
5583	Other	56	UK	Free	50	99	0.32	Web	34	0	1
5584	Other	42	US	Free	181	65	0.14	Web	36	0	1
5585	Other	28	IN	Student	176	26	0.16	Web	0	1	0
5586	Male	19	CA	Free	71	1	0.19	Desktop	24	0	0
5587	Other	56	FR	Family	119	92	0.14	Mobile	0	1	0
5588	Female	43	DE	Premium	266	9	0.07	Mobile	0	1	0
5589	Other	55	AU	Student	83	43	0.53	Web	0	1	1
5590	Other	16	AU	Student	240	94	0.09	Desktop	0	1	0
5591	Male	54	AU	Premium	118	25	0.16	Mobile	0	1	1
5592	Female	32	US	Free	276	23	0.38	Web	9	0	0
5593	Other	42	UK	Family	112	34	0.53	Web	0	1	1
5594	Female	55	DE	Family	10	82	0.56	Web	0	1	1
5595	Male	29	PK	Premium	113	97	0.23	Mobile	0	1	0
5596	Male	33	US	Student	262	42	0.41	Desktop	0	1	1
5597	Other	54	FR	Family	59	96	0.49	Mobile	0	1	0
5598	Female	36	CA	Premium	244	27	0.51	Mobile	0	1	1
5599	Male	57	DE	Student	182	91	0.27	Desktop	0	1	0
5600	Male	32	CA	Premium	265	38	0.08	Desktop	0	1	0
5601	Female	58	US	Student	199	41	0.08	Desktop	0	1	0
5602	Other	34	US	Student	295	81	0.54	Web	0	1	0
5603	Male	56	IN	Student	78	3	0.36	Desktop	0	1	0
5604	Male	59	UK	Student	126	98	0.13	Desktop	0	1	0
5605	Female	40	PK	Free	53	42	0.25	Mobile	12	0	0
5606	Female	58	FR	Premium	203	57	0.47	Desktop	0	1	1
5607	Female	56	CA	Student	88	1	0.47	Web	0	1	0
5608	Other	45	PK	Premium	294	23	0.21	Mobile	0	1	0
5609	Male	34	US	Family	255	6	0.2	Mobile	0	1	1
5610	Female	57	PK	Free	113	60	0.21	Desktop	39	0	0
5611	Other	24	CA	Family	173	23	0.09	Web	0	1	0
5612	Male	56	UK	Premium	265	97	0.28	Web	0	1	0
5613	Other	37	PK	Premium	12	22	0.32	Web	0	1	1
5614	Female	25	US	Family	165	22	0.16	Mobile	0	1	0
5615	Female	28	IN	Family	168	58	0.09	Desktop	0	1	0
5616	Female	30	US	Family	185	18	0.22	Web	0	1	0
5617	Other	25	AU	Premium	136	52	0.37	Mobile	0	1	1
5618	Female	57	AU	Family	299	68	0.06	Desktop	0	1	0
5619	Female	30	PK	Premium	59	47	0.22	Mobile	0	1	1
5620	Male	52	CA	Family	220	66	0.06	Mobile	0	1	1
5621	Other	52	CA	Student	207	80	0.11	Mobile	0	1	0
5622	Female	38	IN	Student	80	15	0.47	Mobile	0	1	0
5623	Male	28	DE	Family	262	25	0.56	Mobile	0	1	0
5624	Female	28	CA	Student	299	93	0.29	Desktop	0	1	0
5625	Male	56	FR	Free	261	83	0.14	Web	23	0	1
5626	Male	41	PK	Family	178	75	0.22	Desktop	0	1	0
5627	Other	36	PK	Student	244	22	0.56	Mobile	0	1	0
5628	Female	17	PK	Premium	227	34	0.57	Web	0	1	0
5629	Other	39	IN	Student	134	37	0.13	Web	0	1	1
5630	Other	50	IN	Family	251	1	0.03	Desktop	0	1	1
5631	Other	38	FR	Student	262	35	0.2	Web	0	1	0
5632	Male	50	PK	Student	271	19	0.19	Web	0	1	0
5633	Male	33	US	Student	245	22	0.24	Mobile	0	1	0
5634	Other	35	IN	Premium	32	35	0.54	Mobile	0	1	0
5635	Other	55	DE	Premium	75	32	0.1	Web	0	1	1
5636	Male	41	AU	Premium	49	92	0.51	Desktop	0	1	0
5637	Male	16	AU	Family	143	37	0.11	Web	0	1	1
5638	Other	29	UK	Student	28	74	0.22	Mobile	0	1	0
5639	Female	47	AU	Family	18	14	0.02	Web	0	1	0
5640	Other	16	US	Premium	212	44	0.33	Mobile	0	1	0
5641	Other	54	CA	Premium	180	16	0.22	Web	0	1	1
5642	Female	17	AU	Premium	228	5	0.07	Desktop	0	1	0
5643	Other	42	PK	Free	150	59	0.53	Mobile	34	0	0
5644	Female	30	PK	Premium	233	81	0.42	Web	0	1	0
5645	Male	53	US	Family	250	18	0.2	Desktop	0	1	0
5646	Female	20	IN	Family	101	39	0.5	Web	0	1	0
5647	Female	58	CA	Premium	226	64	0.41	Web	0	1	0
5648	Female	35	DE	Free	125	91	0.4	Web	34	0	1
5649	Female	53	CA	Student	273	96	0.39	Desktop	0	1	0
5650	Male	47	FR	Family	132	33	0.01	Web	0	1	0
5651	Male	24	DE	Family	250	15	0.48	Desktop	0	1	0
5652	Male	46	FR	Family	93	46	0.59	Mobile	0	1	0
5653	Male	40	US	Family	163	65	0.49	Mobile	0	1	1
5654	Other	34	DE	Premium	296	16	0.17	Desktop	0	1	0
5655	Male	34	AU	Student	273	81	0.35	Desktop	0	1	0
5656	Other	29	AU	Premium	183	20	0.14	Mobile	0	1	1
5657	Male	37	DE	Student	274	34	0.01	Mobile	0	1	0
5658	Female	40	PK	Free	298	19	0.06	Mobile	11	0	1
5659	Female	55	PK	Premium	281	27	0.44	Web	0	1	0
5660	Other	42	DE	Free	283	63	0.51	Web	35	0	0
5661	Female	52	IN	Premium	210	9	0.05	Mobile	0	1	0
5662	Female	45	PK	Premium	233	44	0.46	Web	0	1	0
5663	Other	55	FR	Free	40	62	0.23	Desktop	18	0	0
5664	Female	18	DE	Premium	118	65	0.36	Web	0	1	0
5665	Male	25	IN	Student	95	92	0.26	Desktop	0	1	0
5666	Other	21	DE	Free	227	80	0.03	Web	38	0	0
5667	Other	25	AU	Student	15	35	0.28	Mobile	0	1	0
5668	Other	51	US	Free	57	59	0.43	Web	24	0	0
5669	Male	46	IN	Free	169	57	0.46	Desktop	40	0	1
5670	Male	49	US	Premium	26	87	0.44	Mobile	0	1	0
5671	Other	59	IN	Premium	269	97	0.34	Desktop	0	1	0
5672	Female	33	CA	Student	182	6	0.4	Mobile	0	1	0
5673	Other	43	AU	Student	78	15	0.08	Mobile	0	1	0
5674	Male	49	UK	Premium	53	14	0.09	Web	0	1	1
5675	Male	34	AU	Premium	288	63	0.34	Desktop	0	1	0
5676	Female	19	US	Family	57	44	0.55	Desktop	0	1	0
5677	Other	56	AU	Free	74	1	0.02	Web	12	0	0
5678	Other	47	FR	Student	66	62	0.49	Mobile	0	1	0
5679	Other	42	IN	Premium	264	50	0.58	Web	0	1	0
5680	Female	58	DE	Family	213	86	0.29	Desktop	0	1	0
5681	Female	53	DE	Free	115	70	0.05	Web	22	0	1
5682	Male	45	FR	Student	23	18	0.27	Desktop	0	1	1
5683	Other	50	UK	Free	160	94	0.5	Mobile	16	0	0
5684	Male	21	DE	Student	291	9	0.44	Desktop	0	1	1
5685	Other	42	AU	Premium	98	41	0.03	Desktop	0	1	0
5686	Male	50	IN	Free	85	89	0.47	Mobile	16	0	1
5687	Female	48	PK	Student	206	12	0.36	Mobile	0	1	0
5688	Other	36	CA	Premium	51	9	0.41	Mobile	0	1	0
5689	Other	21	PK	Free	236	85	0.16	Mobile	18	0	0
5690	Male	40	DE	Premium	72	13	0.6	Web	0	1	0
5691	Other	46	US	Free	268	68	0.59	Mobile	22	0	0
5692	Male	54	AU	Family	16	98	0.56	Mobile	0	1	1
5693	Other	21	CA	Free	65	63	0.34	Desktop	6	0	0
5694	Other	34	PK	Student	31	80	0.01	Desktop	0	1	0
5695	Male	45	PK	Premium	97	63	0.13	Web	0	1	0
5696	Male	33	AU	Free	36	47	0.31	Web	18	0	0
5697	Female	32	DE	Student	109	84	0.15	Desktop	0	1	0
5698	Other	52	DE	Free	168	87	0.22	Desktop	34	0	0
5699	Male	37	AU	Premium	33	28	0.21	Web	0	1	0
5700	Female	49	AU	Free	12	41	0.41	Mobile	38	0	0
5701	Female	39	IN	Family	217	36	0.03	Desktop	0	1	1
5702	Male	58	UK	Premium	258	79	0.53	Mobile	0	1	0
5703	Female	29	CA	Family	50	85	0.55	Mobile	0	1	1
5704	Male	56	US	Family	112	16	0.54	Mobile	0	1	0
5705	Male	38	PK	Free	93	91	0.29	Mobile	29	0	0
5706	Male	50	AU	Family	126	42	0.46	Mobile	0	1	0
5707	Male	58	UK	Free	191	5	0.4	Desktop	25	0	0
5708	Male	53	FR	Free	258	48	0.15	Mobile	42	0	1
5709	Male	21	CA	Free	145	29	0.55	Web	36	0	0
5710	Female	21	AU	Free	91	27	0.38	Desktop	8	0	0
5711	Other	46	AU	Student	40	29	0.24	Web	0	1	0
5712	Other	38	DE	Premium	241	12	0.08	Web	0	1	1
5713	Female	54	UK	Free	285	5	0.36	Web	36	0	0
5714	Other	34	FR	Free	280	88	0.31	Web	14	0	1
5715	Male	23	DE	Family	15	43	0.26	Desktop	0	1	0
5716	Male	45	UK	Student	125	56	0.47	Web	0	1	0
5717	Female	24	CA	Student	35	67	0.37	Web	0	1	0
5718	Other	39	PK	Family	115	84	0.55	Desktop	0	1	0
5719	Female	21	DE	Student	36	40	0.27	Desktop	0	1	0
5720	Female	16	CA	Free	65	95	0.59	Desktop	11	0	0
5721	Male	47	CA	Family	122	1	0.47	Mobile	0	1	0
5722	Other	47	IN	Premium	82	72	0.27	Web	0	1	1
5723	Male	16	UK	Free	270	77	0.19	Mobile	48	0	0
5724	Male	58	PK	Family	123	49	0.17	Web	0	1	0
5725	Other	18	IN	Student	296	90	0.05	Web	0	1	1
5726	Other	32	DE	Family	164	32	0.21	Desktop	0	1	0
5727	Other	54	CA	Premium	88	24	0.51	Web	0	1	1
5728	Female	53	PK	Family	249	53	0.28	Mobile	0	1	1
5729	Male	36	CA	Student	51	91	0.31	Desktop	0	1	0
5730	Male	53	US	Student	218	47	0.08	Mobile	0	1	0
5731	Female	27	CA	Family	104	66	0.45	Desktop	0	1	0
5732	Male	18	AU	Student	105	51	0.01	Mobile	0	1	1
5733	Other	17	AU	Student	299	26	0.16	Mobile	0	1	0
5734	Other	57	PK	Student	115	54	0.09	Desktop	0	1	0
5735	Male	25	US	Free	68	13	0.51	Desktop	27	0	1
5736	Male	48	AU	Premium	86	87	0.08	Mobile	0	1	0
5737	Female	41	AU	Family	188	92	0.52	Web	0	1	0
5738	Other	16	UK	Student	238	3	0.44	Desktop	0	1	0
5739	Female	52	UK	Free	137	65	0.33	Desktop	46	0	1
5740	Female	40	FR	Premium	83	90	0.54	Mobile	0	1	0
5741	Female	52	CA	Free	281	80	0.57	Desktop	17	0	0
5742	Other	49	DE	Free	290	2	0.43	Desktop	35	0	0
5743	Female	45	UK	Free	76	54	0.5	Mobile	41	0	0
5744	Female	53	FR	Family	192	56	0.43	Web	0	1	0
5745	Other	20	IN	Free	82	12	0.56	Web	37	0	0
5746	Male	50	FR	Free	170	88	0.36	Desktop	10	0	0
5747	Female	39	PK	Premium	286	7	0.18	Desktop	0	1	0
5748	Male	58	PK	Premium	134	13	0.01	Desktop	0	1	0
5749	Other	24	FR	Family	51	44	0.46	Web	0	1	0
5750	Male	22	US	Free	295	21	0.27	Web	17	0	1
5751	Male	49	CA	Premium	248	61	0.49	Mobile	0	1	0
5752	Male	34	CA	Student	26	56	0.52	Mobile	0	1	0
5753	Female	32	US	Student	153	78	0.14	Desktop	0	1	0
5754	Male	29	IN	Student	270	71	0.14	Web	0	1	0
5755	Other	20	AU	Premium	226	85	0.36	Web	0	1	1
5756	Female	35	CA	Student	104	7	0.28	Desktop	0	1	0
5757	Female	29	AU	Free	113	10	0.56	Desktop	44	0	0
5758	Female	47	AU	Student	219	7	0.53	Mobile	0	1	0
5759	Other	57	US	Family	224	59	0.55	Desktop	0	1	0
5760	Female	48	PK	Student	166	50	0.39	Web	0	1	1
5761	Other	41	CA	Free	125	17	0.34	Mobile	33	0	1
5762	Male	31	IN	Free	110	70	0.33	Web	19	0	0
5763	Other	42	CA	Family	272	5	0.39	Desktop	0	1	0
5764	Other	27	AU	Student	97	1	0.46	Desktop	0	1	1
5765	Female	51	PK	Family	207	92	0.14	Web	0	1	1
5766	Other	45	AU	Student	46	6	0.28	Desktop	0	1	0
5767	Female	52	AU	Free	189	85	0.37	Web	13	0	0
5768	Male	47	FR	Premium	297	34	0.38	Web	0	1	0
5769	Female	46	AU	Student	232	55	0.01	Web	0	1	1
5770	Male	48	US	Premium	285	16	0.32	Desktop	0	1	0
5771	Female	20	AU	Premium	158	41	0.07	Mobile	0	1	1
5772	Male	40	CA	Student	298	92	0.51	Web	0	1	1
5773	Other	36	AU	Premium	90	45	0.13	Web	0	1	1
5774	Other	57	US	Free	221	22	0.44	Desktop	32	0	1
5775	Female	22	AU	Free	52	17	0.2	Mobile	32	0	0
5776	Female	54	IN	Free	37	55	0.48	Web	35	0	0
5777	Other	20	FR	Family	219	94	0.19	Web	0	1	0
5778	Male	53	PK	Premium	213	18	0.26	Mobile	0	1	1
5779	Female	26	FR	Student	56	44	0.38	Web	0	1	0
5780	Male	43	PK	Student	258	47	0.16	Web	0	1	1
5781	Male	37	UK	Free	65	56	0.31	Desktop	44	0	0
5782	Other	24	AU	Student	10	85	0.33	Web	0	1	0
5783	Female	24	IN	Family	42	39	0.45	Web	0	1	0
5784	Male	54	US	Family	107	30	0.1	Mobile	0	1	0
5785	Male	24	PK	Family	66	81	0.5	Web	0	1	0
5786	Other	38	AU	Student	261	60	0.32	Web	0	1	0
5787	Female	44	US	Family	193	85	0.4	Desktop	0	1	0
5788	Other	24	DE	Family	40	38	0.57	Desktop	0	1	0
5789	Male	34	UK	Student	13	90	0.44	Web	0	1	1
5790	Other	48	PK	Free	23	76	0.01	Web	17	0	0
5791	Other	31	CA	Student	227	74	0.47	Web	0	1	1
5792	Other	52	IN	Premium	163	87	0.45	Mobile	0	1	0
5793	Female	49	AU	Student	195	60	0.33	Web	0	1	0
5794	Female	25	DE	Premium	270	35	0.32	Mobile	0	1	0
5795	Other	36	FR	Premium	99	38	0.56	Mobile	0	1	0
5796	Female	50	US	Free	224	39	0.25	Desktop	8	0	0
5797	Female	37	DE	Premium	116	29	0.58	Desktop	0	1	0
5798	Other	38	DE	Family	278	3	0.25	Web	0	1	1
5799	Female	23	DE	Student	62	86	0.5	Web	0	1	1
5800	Male	56	IN	Premium	217	34	0.15	Desktop	0	1	0
5801	Male	41	DE	Student	126	66	0.59	Web	0	1	1
5802	Other	59	FR	Student	116	90	0.14	Mobile	0	1	0
5803	Other	16	UK	Premium	79	61	0.48	Mobile	0	1	0
5804	Female	21	UK	Student	206	30	0.38	Desktop	0	1	0
5805	Other	22	FR	Family	53	51	0.44	Mobile	0	1	0
5806	Male	58	US	Premium	43	18	0.15	Web	0	1	1
5807	Other	28	FR	Student	145	90	0.28	Desktop	0	1	0
5808	Female	16	CA	Family	57	74	0.51	Web	0	1	0
5809	Male	25	FR	Student	149	92	0.33	Desktop	0	1	1
5810	Female	54	PK	Premium	85	19	0.34	Web	0	1	0
5811	Male	17	CA	Family	70	5	0.6	Mobile	0	1	0
5812	Other	34	CA	Free	135	31	0.2	Mobile	46	0	0
5813	Male	32	US	Premium	204	16	0.53	Desktop	0	1	1
5814	Other	29	AU	Free	177	96	0.18	Web	17	0	1
5815	Male	26	IN	Student	238	1	0.05	Mobile	0	1	0
5816	Male	52	UK	Student	151	54	0.19	Desktop	0	1	0
5817	Male	24	PK	Free	136	50	0.4	Desktop	6	0	0
5818	Female	20	CA	Family	74	10	0.09	Mobile	0	1	1
5819	Other	56	PK	Free	232	63	0.01	Mobile	35	0	0
5820	Male	34	UK	Premium	138	41	0.04	Web	0	1	0
5821	Female	50	CA	Free	297	44	0.34	Desktop	26	0	1
5822	Female	36	FR	Family	19	81	0.52	Mobile	0	1	0
5823	Female	56	FR	Free	264	28	0.3	Mobile	8	0	0
5824	Other	22	DE	Family	203	92	0.35	Mobile	0	1	0
5825	Female	25	AU	Free	104	51	0.2	Desktop	28	0	0
5826	Male	41	AU	Premium	272	3	0.47	Desktop	0	1	0
5827	Male	52	IN	Student	299	56	0.59	Desktop	0	1	0
5828	Other	35	FR	Family	249	64	0.56	Web	0	1	0
5829	Other	39	FR	Student	201	60	0.51	Web	0	1	1
5830	Male	40	IN	Free	103	85	0.38	Mobile	33	0	1
5831	Other	24	UK	Free	226	98	0.1	Web	20	0	0
5832	Male	44	AU	Family	137	38	0.2	Desktop	0	1	0
5833	Male	54	AU	Premium	43	26	0.59	Mobile	0	1	1
5834	Other	46	PK	Family	81	38	0.33	Mobile	0	1	0
5835	Male	21	PK	Premium	137	75	0.05	Mobile	0	1	0
5836	Male	20	IN	Premium	248	79	0.07	Desktop	0	1	0
5837	Female	24	DE	Family	151	30	0.16	Mobile	0	1	1
5838	Other	46	FR	Family	32	29	0.19	Desktop	0	1	0
5839	Other	25	UK	Free	36	16	0.5	Mobile	11	0	0
5840	Other	34	AU	Free	262	17	0.18	Desktop	27	0	0
5841	Male	36	UK	Free	54	37	0.52	Mobile	27	0	0
5842	Male	37	US	Student	52	41	0.28	Mobile	0	1	0
5843	Female	31	FR	Free	145	7	0.01	Web	41	0	0
5844	Other	17	DE	Premium	32	71	0.27	Desktop	0	1	0
5845	Male	58	DE	Family	295	12	0.49	Web	0	1	0
5846	Female	18	AU	Premium	139	55	0.44	Mobile	0	1	0
5847	Female	57	AU	Premium	125	60	0.26	Web	0	1	1
5848	Male	31	DE	Free	151	46	0.6	Desktop	18	0	0
5849	Female	43	IN	Student	275	38	0.59	Web	0	1	0
5850	Female	37	US	Family	204	59	0.39	Mobile	0	1	1
5851	Other	27	IN	Family	234	56	0.15	Web	0	1	0
5852	Male	30	AU	Family	267	45	0.17	Mobile	0	1	1
5853	Male	51	IN	Free	263	83	0.03	Desktop	42	0	1
5854	Male	30	AU	Family	78	65	0.08	Desktop	0	1	1
5855	Male	37	US	Student	199	55	0.28	Mobile	0	1	0
5856	Other	23	US	Free	103	10	0.58	Mobile	38	0	0
5857	Male	32	IN	Premium	114	62	0.59	Desktop	0	1	1
5858	Other	50	CA	Premium	25	28	0.11	Mobile	0	1	0
5859	Female	37	AU	Student	148	84	0.02	Web	0	1	0
5860	Other	37	IN	Premium	244	13	0.31	Mobile	0	1	0
5861	Female	38	CA	Free	55	33	0.18	Mobile	49	0	0
5862	Female	24	CA	Premium	141	56	0.43	Desktop	0	1	0
5863	Male	42	UK	Premium	133	3	0.1	Web	0	1	0
5864	Male	37	CA	Family	166	38	0.17	Desktop	0	1	0
5865	Female	44	FR	Free	113	14	0.57	Desktop	26	0	0
5866	Other	18	UK	Student	113	5	0.27	Web	0	1	1
5867	Other	41	US	Family	147	59	0.36	Desktop	0	1	1
5868	Male	16	CA	Premium	203	38	0.35	Web	0	1	0
5869	Female	49	AU	Student	188	45	0.31	Mobile	0	1	0
5870	Female	31	UK	Family	131	76	0.58	Web	0	1	0
5871	Male	23	CA	Family	78	48	0.43	Mobile	0	1	0
5872	Male	54	IN	Student	243	93	0.51	Mobile	0	1	0
5873	Other	35	IN	Family	230	60	0.09	Mobile	0	1	1
5874	Male	33	IN	Premium	127	60	0.07	Web	0	1	0
5875	Male	21	FR	Premium	210	29	0.35	Web	0	1	0
5876	Other	59	PK	Free	32	88	0.12	Web	17	0	0
5877	Other	39	UK	Premium	44	54	0.52	Mobile	0	1	0
5878	Female	23	PK	Family	238	91	0.2	Mobile	0	1	0
5879	Other	16	CA	Student	171	7	0.27	Mobile	0	1	1
5880	Male	57	DE	Free	79	12	0.08	Web	47	0	0
5881	Female	52	FR	Family	88	13	0.03	Desktop	0	1	0
5882	Male	46	UK	Premium	273	3	0.22	Mobile	0	1	0
5883	Male	42	CA	Family	35	50	0.06	Mobile	0	1	1
5884	Female	25	FR	Free	16	83	0.35	Mobile	24	0	0
5885	Male	38	US	Premium	89	54	0.28	Mobile	0	1	0
5886	Male	25	FR	Family	220	64	0.57	Desktop	0	1	0
5887	Male	47	CA	Premium	129	85	0.27	Mobile	0	1	0
5888	Female	38	AU	Family	185	2	0.05	Mobile	0	1	0
5889	Male	32	PK	Family	286	39	0.01	Mobile	0	1	0
5890	Male	58	UK	Student	83	8	0.09	Desktop	0	1	0
5891	Female	27	FR	Family	242	1	0	Desktop	0	1	1
5892	Male	58	US	Student	134	67	0.27	Web	0	1	0
5893	Female	57	AU	Family	180	45	0.54	Web	0	1	0
5894	Female	39	CA	Family	206	37	0.54	Web	0	1	0
5895	Female	55	CA	Student	97	25	0.39	Desktop	0	1	0
5896	Male	21	AU	Free	236	88	0.27	Mobile	27	0	0
5897	Male	18	PK	Premium	226	7	0.32	Web	0	1	0
5898	Other	24	US	Free	60	93	0.47	Desktop	35	0	0
5899	Male	36	PK	Premium	270	73	0.42	Desktop	0	1	1
5900	Female	50	DE	Free	128	9	0.26	Desktop	35	0	0
5901	Other	26	PK	Free	171	49	0.21	Mobile	40	0	0
5902	Female	28	US	Student	299	96	0.49	Desktop	0	1	1
5903	Male	45	FR	Free	227	14	0.28	Desktop	17	0	1
5904	Male	47	US	Family	165	22	0.14	Mobile	0	1	0
5905	Male	36	DE	Premium	22	44	0.33	Mobile	0	1	0
5906	Male	41	DE	Family	118	94	0.53	Web	0	1	1
5907	Other	53	IN	Free	221	50	0.36	Mobile	5	0	0
5908	Female	50	DE	Free	94	64	0.49	Desktop	47	0	1
5909	Male	25	US	Premium	165	60	0.58	Mobile	0	1	0
5910	Other	40	UK	Free	239	57	0.53	Mobile	29	0	0
5911	Other	33	UK	Premium	146	25	0.43	Desktop	0	1	0
5912	Other	19	FR	Premium	118	87	0.46	Desktop	0	1	0
5913	Other	36	US	Student	128	22	0.6	Desktop	0	1	0
5914	Female	28	DE	Family	251	38	0.1	Mobile	0	1	0
5915	Male	50	US	Family	228	33	0.07	Desktop	0	1	1
5916	Female	38	FR	Premium	222	62	0.31	Web	0	1	0
5917	Female	55	PK	Family	124	69	0.43	Desktop	0	1	1
5918	Male	18	CA	Family	203	12	0.24	Mobile	0	1	1
5919	Female	28	CA	Family	292	28	0.08	Desktop	0	1	0
5920	Female	47	CA	Student	235	10	0.1	Mobile	0	1	0
5921	Other	25	AU	Premium	69	32	0.29	Desktop	0	1	0
5922	Male	48	IN	Student	137	43	0.24	Web	0	1	1
5923	Other	43	FR	Family	59	65	0.28	Desktop	0	1	0
5924	Male	36	CA	Free	233	76	0.55	Desktop	33	0	1
5925	Other	33	US	Premium	140	77	0.37	Desktop	0	1	0
5926	Female	55	AU	Family	213	36	0.46	Web	0	1	0
5927	Female	46	FR	Family	139	44	0.21	Mobile	0	1	0
5928	Male	45	DE	Free	53	18	0.38	Mobile	22	0	1
5929	Female	51	UK	Student	268	9	0.3	Desktop	0	1	0
5930	Female	20	FR	Free	74	10	0.27	Mobile	25	0	0
5931	Male	30	AU	Free	51	93	0.2	Mobile	45	0	0
5932	Male	58	UK	Premium	222	68	0.26	Desktop	0	1	1
5933	Male	51	IN	Student	144	59	0.16	Mobile	0	1	0
5934	Other	37	AU	Free	180	11	0.32	Web	9	0	0
5935	Female	16	US	Premium	62	53	0.53	Desktop	0	1	1
5936	Female	36	AU	Student	70	61	0.29	Mobile	0	1	0
5937	Female	19	PK	Family	165	12	0.48	Desktop	0	1	0
5938	Other	38	UK	Premium	229	54	0.26	Mobile	0	1	0
5939	Male	22	CA	Student	180	77	0.1	Desktop	0	1	0
5940	Male	56	AU	Student	173	83	0.01	Web	0	1	0
5941	Female	40	AU	Premium	152	8	0.09	Web	0	1	1
5942	Other	58	US	Free	214	80	0.21	Desktop	47	0	1
5943	Female	48	CA	Student	286	61	0.08	Mobile	0	1	1
5944	Female	42	FR	Premium	188	35	0.15	Desktop	0	1	0
5945	Female	43	AU	Student	29	5	0.25	Desktop	0	1	0
5946	Male	20	US	Family	161	59	0.44	Mobile	0	1	0
5947	Male	39	IN	Student	123	6	0.53	Mobile	0	1	0
5948	Male	53	US	Student	107	6	0.53	Desktop	0	1	0
5949	Female	34	IN	Student	99	60	0.19	Desktop	0	1	1
5950	Female	59	FR	Student	270	89	0.23	Desktop	0	1	1
5951	Female	28	IN	Premium	220	96	0.01	Desktop	0	1	0
5952	Male	54	AU	Family	129	54	0.26	Desktop	0	1	0
5953	Male	22	US	Free	145	21	0.44	Desktop	26	0	0
5954	Female	52	DE	Free	248	66	0.02	Desktop	5	0	1
5955	Other	28	CA	Premium	168	15	0.48	Mobile	0	1	0
5956	Other	30	CA	Family	15	81	0.26	Desktop	0	1	0
5957	Other	25	AU	Student	208	70	0.09	Web	0	1	0
5958	Female	17	UK	Premium	188	45	0.28	Desktop	0	1	0
5959	Male	51	PK	Premium	13	93	0.02	Desktop	0	1	0
5960	Male	23	AU	Premium	49	33	0.28	Desktop	0	1	0
5961	Other	43	PK	Free	241	38	0.24	Desktop	15	0	0
5962	Female	25	FR	Free	287	23	0.51	Web	43	0	0
5963	Male	58	CA	Family	141	84	0.27	Desktop	0	1	0
5964	Female	49	DE	Free	287	52	0.27	Mobile	34	0	0
5965	Other	34	CA	Student	25	76	0.45	Web	0	1	0
5966	Other	59	PK	Premium	135	99	0.57	Desktop	0	1	1
5967	Female	28	IN	Family	146	88	0.35	Web	0	1	1
5968	Female	31	DE	Premium	94	97	0.04	Desktop	0	1	0
5969	Other	43	AU	Premium	227	37	0.13	Desktop	0	1	0
5970	Male	24	IN	Free	255	45	0.05	Mobile	40	0	0
5971	Other	55	DE	Family	191	88	0.12	Web	0	1	0
5972	Female	37	PK	Free	239	39	0.22	Mobile	46	0	1
5973	Female	42	AU	Student	205	13	0.12	Web	0	1	1
5974	Male	35	CA	Student	110	96	0.41	Web	0	1	1
5975	Other	25	UK	Premium	146	37	0.1	Web	0	1	1
5976	Other	38	IN	Free	86	59	0.52	Desktop	8	0	0
5977	Male	56	UK	Premium	110	94	0.33	Web	0	1	0
5978	Female	54	FR	Family	49	25	0.01	Web	0	1	1
5979	Male	56	CA	Student	75	68	0.44	Mobile	0	1	1
5980	Other	46	AU	Student	173	44	0.57	Web	0	1	0
5981	Male	55	FR	Premium	94	72	0.29	Desktop	0	1	0
5982	Female	55	AU	Student	279	24	0.23	Desktop	0	1	1
5983	Male	21	IN	Free	226	80	0.43	Web	37	0	0
5984	Female	49	AU	Free	210	11	0.07	Mobile	8	0	0
5985	Male	24	FR	Premium	256	11	0.3	Desktop	0	1	0
5986	Other	23	IN	Free	77	12	0.07	Desktop	8	0	1
5987	Male	25	DE	Free	249	33	0.07	Web	18	0	0
5988	Female	56	AU	Free	184	19	0.1	Desktop	27	0	0
5989	Male	54	FR	Premium	224	60	0.4	Desktop	0	1	0
5990	Other	46	IN	Premium	206	23	0.49	Desktop	0	1	0
5991	Male	22	DE	Student	118	74	0.48	Web	0	1	0
5992	Male	55	UK	Premium	63	46	0.53	Mobile	0	1	1
5993	Male	40	IN	Family	110	16	0.09	Web	0	1	0
5994	Female	17	DE	Free	209	49	0.51	Web	15	0	0
5995	Other	49	CA	Family	168	87	0.48	Web	0	1	0
5996	Female	26	PK	Premium	85	75	0.52	Web	0	1	1
5997	Female	25	AU	Premium	26	88	0.11	Desktop	0	1	0
5998	Male	57	UK	Free	213	85	0.05	Desktop	15	0	0
5999	Other	28	US	Free	45	62	0.54	Web	24	0	1
6000	Female	21	FR	Family	93	31	0.37	Desktop	0	1	0
6001	Female	53	AU	Free	96	10	0.59	Mobile	15	0	1
6002	Male	32	DE	Student	233	57	0.51	Mobile	0	1	1
6003	Male	28	UK	Free	61	31	0.57	Mobile	48	0	1
6004	Male	16	CA	Student	206	58	0.29	Desktop	0	1	0
6005	Female	41	CA	Free	151	3	0.32	Mobile	10	0	0
6006	Other	45	DE	Premium	196	42	0.13	Desktop	0	1	0
6007	Other	54	PK	Family	242	1	0.35	Desktop	0	1	0
6008	Male	16	AU	Premium	215	30	0.36	Desktop	0	1	0
6009	Other	46	PK	Family	14	23	0.19	Desktop	0	1	0
6010	Other	34	DE	Free	221	71	0.16	Mobile	13	0	1
6011	Other	44	FR	Free	157	15	0.01	Web	18	0	0
6012	Other	18	US	Free	224	19	0.58	Desktop	40	0	1
6013	Other	47	AU	Student	233	32	0.11	Mobile	0	1	0
6014	Other	48	CA	Family	19	47	0.43	Mobile	0	1	1
6015	Male	56	UK	Family	159	21	0.17	Mobile	0	1	0
6016	Female	40	US	Family	167	60	0.37	Mobile	0	1	1
6017	Male	55	UK	Student	84	46	0.21	Web	0	1	0
6018	Other	49	PK	Family	264	89	0.23	Mobile	0	1	0
6019	Other	53	DE	Free	219	92	0.13	Web	6	0	0
6020	Other	48	IN	Student	206	85	0.19	Desktop	0	1	0
6021	Other	56	DE	Free	260	21	0.06	Desktop	45	0	1
6022	Female	57	DE	Premium	125	96	0.46	Mobile	0	1	1
6023	Male	58	CA	Free	83	80	0.05	Mobile	16	0	0
6024	Female	37	IN	Student	22	95	0.41	Desktop	0	1	1
6025	Other	18	IN	Premium	274	64	0.51	Web	0	1	0
6026	Other	30	AU	Premium	158	52	0.54	Mobile	0	1	0
6027	Male	38	US	Student	28	51	0.09	Web	0	1	0
6028	Other	16	IN	Free	124	51	0.13	Web	16	0	0
6029	Other	49	IN	Student	166	69	0.14	Desktop	0	1	0
6030	Female	32	PK	Student	154	70	0.57	Mobile	0	1	0
6031	Other	27	UK	Premium	23	42	0.39	Web	0	1	0
6032	Male	17	FR	Premium	239	42	0.01	Desktop	0	1	0
6033	Male	54	US	Free	133	47	0.08	Desktop	41	0	0
6034	Female	25	FR	Student	77	20	0.15	Desktop	0	1	0
6035	Male	30	FR	Student	75	42	0.28	Mobile	0	1	1
6036	Other	53	US	Student	113	59	0.35	Desktop	0	1	0
6037	Female	18	US	Student	56	24	0.46	Web	0	1	0
6038	Male	59	IN	Premium	141	99	0.07	Mobile	0	1	0
6039	Male	20	IN	Free	114	44	0.47	Mobile	16	0	0
6040	Male	16	US	Free	131	40	0.34	Web	47	0	0
6041	Female	21	UK	Premium	49	46	0.16	Desktop	0	1	0
6042	Other	59	PK	Free	203	11	0.21	Mobile	45	0	1
6043	Other	59	US	Premium	179	26	0.3	Web	0	1	0
6044	Male	59	PK	Family	126	21	0.05	Web	0	1	1
6045	Male	31	UK	Free	237	50	0.54	Mobile	11	0	0
6046	Female	23	PK	Premium	99	74	0.26	Mobile	0	1	0
6047	Male	56	US	Free	205	64	0.47	Web	9	0	0
6048	Female	52	PK	Student	297	63	0.1	Mobile	0	1	0
6049	Other	44	UK	Family	242	96	0.32	Desktop	0	1	0
6050	Male	29	US	Family	121	8	0.12	Desktop	0	1	0
6051	Other	44	FR	Premium	48	72	0.51	Desktop	0	1	0
6052	Female	21	IN	Premium	136	20	0.55	Web	0	1	1
6053	Other	43	DE	Premium	257	62	0.51	Web	0	1	0
6054	Other	34	CA	Premium	256	46	0.06	Mobile	0	1	0
6055	Other	18	IN	Premium	132	38	0.35	Web	0	1	0
6056	Other	35	FR	Premium	126	17	0.45	Web	0	1	0
6057	Male	58	UK	Free	67	78	0.15	Mobile	44	0	0
6058	Female	35	FR	Free	80	77	0.52	Desktop	26	0	0
6059	Other	47	DE	Free	26	42	0.35	Mobile	30	0	1
6060	Male	18	CA	Free	17	94	0.52	Desktop	45	0	0
6061	Other	19	CA	Premium	149	55	0.43	Mobile	0	1	0
6062	Other	28	AU	Premium	247	13	0.18	Desktop	0	1	0
6063	Female	25	UK	Premium	12	40	0.06	Mobile	0	1	0
6064	Male	26	CA	Free	244	73	0.32	Mobile	45	0	1
6065	Other	39	US	Student	41	92	0.44	Web	0	1	0
6066	Female	32	CA	Student	32	90	0.53	Desktop	0	1	0
6067	Other	18	CA	Premium	263	73	0.45	Desktop	0	1	0
6068	Other	50	DE	Free	85	7	0.47	Mobile	49	0	1
6069	Other	29	AU	Premium	88	6	0.3	Desktop	0	1	1
6070	Female	54	DE	Family	264	67	0.27	Mobile	0	1	0
6071	Other	51	PK	Premium	151	86	0.34	Desktop	0	1	1
6072	Other	40	UK	Free	58	78	0.21	Desktop	42	0	0
6073	Male	48	FR	Free	128	5	0.29	Mobile	47	0	1
6074	Other	37	AU	Free	75	13	0.18	Desktop	36	0	0
6075	Other	40	CA	Family	80	46	0.39	Desktop	0	1	0
6076	Male	23	CA	Premium	298	23	0.29	Desktop	0	1	0
6077	Other	37	IN	Premium	101	26	0.25	Web	0	1	0
6078	Other	20	UK	Family	281	37	0.41	Mobile	0	1	0
6079	Other	43	UK	Premium	292	19	0.32	Mobile	0	1	1
6080	Other	27	US	Student	50	89	0.02	Web	0	1	0
6081	Other	24	AU	Premium	287	70	0.37	Mobile	0	1	0
6082	Other	36	US	Family	248	92	0.39	Desktop	0	1	0
6083	Other	23	FR	Family	273	37	0.32	Mobile	0	1	1
6084	Female	31	IN	Free	88	91	0.48	Web	9	0	0
6085	Other	46	FR	Student	70	98	0.21	Web	0	1	1
6086	Female	40	IN	Student	265	31	0.54	Web	0	1	0
6087	Male	57	US	Student	188	92	0.1	Mobile	0	1	0
6088	Other	59	US	Free	15	42	0.49	Desktop	6	0	1
6089	Male	42	US	Free	199	44	0.19	Mobile	44	0	0
6090	Female	56	AU	Family	80	56	0.4	Web	0	1	1
6091	Male	53	FR	Premium	266	4	0.17	Desktop	0	1	0
6092	Male	59	IN	Premium	37	39	0.15	Web	0	1	0
6093	Other	41	AU	Student	69	77	0.1	Desktop	0	1	1
6094	Other	31	FR	Free	290	51	0.38	Mobile	33	0	1
6095	Male	41	AU	Student	25	52	0.33	Mobile	0	1	0
6096	Male	23	PK	Student	37	59	0.28	Desktop	0	1	1
6097	Female	54	CA	Family	180	74	0.2	Web	0	1	0
6098	Male	26	CA	Family	53	61	0.14	Mobile	0	1	1
6099	Other	48	AU	Family	91	85	0.02	Web	0	1	1
6100	Male	49	US	Free	211	56	0.03	Web	34	0	1
6101	Other	22	AU	Free	139	65	0.57	Desktop	11	0	1
6102	Other	33	DE	Free	42	63	0.53	Mobile	48	0	0
6103	Female	18	AU	Student	200	31	0.49	Desktop	0	1	0
6104	Female	57	PK	Premium	261	5	0.52	Desktop	0	1	0
6105	Other	46	UK	Student	65	88	0.43	Mobile	0	1	0
6106	Female	34	DE	Student	103	15	0.39	Desktop	0	1	1
6107	Female	38	CA	Free	105	28	0.45	Desktop	40	0	0
6108	Other	50	PK	Premium	253	92	0.23	Web	0	1	0
6109	Male	21	AU	Premium	33	30	0.58	Mobile	0	1	0
6110	Other	16	US	Free	239	36	0.17	Web	13	0	0
6111	Male	54	DE	Premium	179	85	0.13	Web	0	1	1
6112	Other	28	CA	Free	123	71	0.43	Web	31	0	0
6113	Male	30	PK	Free	287	60	0.15	Web	36	0	1
6114	Other	16	IN	Student	255	63	0.07	Web	0	1	0
6115	Female	23	AU	Student	230	3	0.41	Mobile	0	1	1
6116	Other	56	DE	Free	40	29	0.37	Desktop	44	0	1
6117	Male	55	CA	Family	130	81	0.31	Web	0	1	0
6118	Female	23	FR	Student	175	87	0.02	Desktop	0	1	0
6119	Male	38	FR	Student	10	23	0.57	Desktop	0	1	0
6120	Male	17	IN	Student	294	97	0.18	Web	0	1	0
6121	Male	42	CA	Family	132	62	0.44	Mobile	0	1	0
6122	Male	19	PK	Free	251	96	0.11	Desktop	40	0	1
6123	Male	40	DE	Student	168	64	0.19	Web	0	1	0
6124	Female	22	FR	Free	283	33	0.51	Desktop	18	0	1
6125	Male	56	UK	Family	194	57	0.41	Desktop	0	1	0
6126	Female	18	UK	Student	263	39	0.35	Mobile	0	1	0
6127	Other	17	UK	Family	184	20	0.47	Desktop	0	1	0
6128	Female	32	CA	Free	111	94	0.29	Desktop	20	0	0
6129	Male	49	US	Free	230	78	0.06	Desktop	39	0	0
6130	Male	34	DE	Student	204	11	0.03	Mobile	0	1	0
6131	Other	18	DE	Student	284	71	0.05	Web	0	1	1
6132	Female	41	AU	Free	201	47	0.04	Web	49	0	0
6133	Female	26	DE	Student	67	7	0.02	Web	0	1	0
6134	Other	34	DE	Premium	293	33	0.35	Desktop	0	1	0
6135	Female	22	IN	Premium	98	37	0.39	Desktop	0	1	0
6136	Other	49	CA	Family	112	71	0.19	Desktop	0	1	0
6137	Other	30	IN	Premium	229	27	0.09	Web	0	1	1
6138	Other	40	UK	Student	67	41	0.53	Mobile	0	1	0
6139	Male	46	US	Family	53	76	0.39	Web	0	1	0
6140	Female	37	PK	Premium	169	37	0.38	Desktop	0	1	1
6141	Other	34	CA	Student	55	79	0.24	Desktop	0	1	1
6142	Female	22	FR	Student	298	5	0.31	Web	0	1	0
6143	Female	36	CA	Student	127	17	0.1	Desktop	0	1	0
6144	Female	35	US	Premium	208	55	0.29	Mobile	0	1	0
6145	Other	55	UK	Student	103	43	0.55	Desktop	0	1	0
6146	Male	45	IN	Student	133	54	0.3	Mobile	0	1	0
6147	Female	32	US	Family	284	39	0.44	Mobile	0	1	1
6148	Other	43	CA	Family	156	89	0.59	Web	0	1	1
6149	Other	52	IN	Free	273	15	0.09	Web	20	0	0
6150	Male	17	AU	Free	48	10	0.24	Desktop	22	0	0
6151	Female	50	US	Family	75	73	0.39	Mobile	0	1	1
6152	Other	21	IN	Student	187	88	0.3	Desktop	0	1	0
6153	Female	36	AU	Student	296	75	0.37	Web	0	1	1
6154	Male	48	CA	Family	40	69	0.38	Web	0	1	1
6155	Male	28	CA	Family	123	73	0.59	Mobile	0	1	0
6156	Other	26	UK	Family	247	49	0.46	Desktop	0	1	0
6157	Female	36	AU	Premium	174	42	0.16	Desktop	0	1	0
6158	Male	52	CA	Free	112	84	0.48	Mobile	23	0	1
6159	Male	37	US	Premium	25	1	0.28	Mobile	0	1	0
6160	Male	26	DE	Family	193	89	0.55	Mobile	0	1	0
6161	Other	20	IN	Premium	183	30	0.3	Web	0	1	0
6162	Male	53	CA	Free	127	86	0.44	Desktop	20	0	0
6163	Male	21	PK	Student	289	93	0.39	Desktop	0	1	1
6164	Other	52	DE	Free	262	84	0.36	Web	40	0	1
6165	Male	54	DE	Free	192	77	0.45	Web	38	0	0
6166	Other	49	IN	Student	22	55	0.58	Web	0	1	1
6167	Male	33	IN	Premium	195	33	0	Mobile	0	1	0
6168	Male	47	CA	Student	238	3	0.15	Desktop	0	1	0
6169	Female	58	US	Student	36	86	0.34	Desktop	0	1	0
6170	Male	43	US	Free	255	61	0.09	Desktop	49	0	0
6171	Other	40	CA	Free	219	98	0.34	Mobile	27	0	0
6172	Other	42	US	Premium	81	68	0.23	Web	0	1	1
6173	Female	27	UK	Student	76	34	0.18	Desktop	0	1	0
6174	Female	49	PK	Family	263	43	0.52	Desktop	0	1	0
6175	Female	40	UK	Student	73	15	0.04	Desktop	0	1	0
6176	Other	17	CA	Student	249	72	0.22	Mobile	0	1	1
6177	Male	16	AU	Premium	182	52	0.45	Desktop	0	1	0
6178	Other	48	US	Student	193	74	0.46	Desktop	0	1	0
6179	Female	39	AU	Student	179	93	0.15	Mobile	0	1	0
6180	Other	33	PK	Premium	40	51	0.29	Desktop	0	1	0
6181	Female	50	AU	Student	82	45	0.15	Web	0	1	0
6182	Female	38	DE	Premium	278	86	0.55	Desktop	0	1	1
6183	Male	23	FR	Student	197	71	0.11	Desktop	0	1	1
6184	Female	21	UK	Premium	153	41	0.41	Desktop	0	1	1
6185	Other	33	FR	Free	127	33	0.09	Web	48	0	0
6186	Male	32	PK	Premium	12	96	0.47	Web	0	1	1
6187	Female	46	FR	Student	164	92	0.1	Mobile	0	1	0
6188	Other	34	DE	Premium	113	92	0.34	Mobile	0	1	1
6189	Other	16	IN	Family	72	62	0.32	Mobile	0	1	0
6190	Other	31	AU	Free	135	83	0.04	Mobile	33	0	0
6191	Other	38	DE	Premium	135	12	0.04	Web	0	1	0
6192	Male	54	UK	Family	189	20	0.09	Mobile	0	1	0
6193	Male	30	FR	Premium	57	24	0.31	Desktop	0	1	0
6194	Other	50	CA	Student	167	3	0.25	Desktop	0	1	0
6195	Female	42	DE	Family	13	28	0.26	Web	0	1	0
6196	Male	38	US	Premium	172	11	0.32	Mobile	0	1	0
6197	Other	25	US	Free	296	69	0.52	Mobile	12	0	1
6198	Male	42	US	Student	73	16	0.2	Desktop	0	1	0
6199	Female	43	AU	Premium	231	49	0.56	Mobile	0	1	0
6200	Male	52	FR	Premium	161	7	0.46	Web	0	1	1
6201	Male	37	PK	Family	79	27	0.13	Web	0	1	0
6202	Other	29	PK	Student	66	89	0.14	Desktop	0	1	0
6203	Female	52	UK	Student	180	86	0.13	Web	0	1	0
6204	Female	45	IN	Student	214	9	0.18	Mobile	0	1	0
6205	Female	17	DE	Free	115	8	0.2	Mobile	42	0	0
6206	Male	52	CA	Student	204	58	0.11	Web	0	1	0
6207	Female	53	IN	Family	32	54	0.29	Desktop	0	1	0
6208	Female	49	AU	Family	173	5	0.39	Web	0	1	0
6209	Male	50	FR	Free	269	52	0.17	Web	8	0	0
6210	Female	50	UK	Student	281	40	0.31	Web	0	1	0
6211	Other	48	IN	Student	226	45	0.44	Web	0	1	0
6212	Female	24	AU	Free	165	71	0.22	Web	33	0	0
6213	Male	44	PK	Free	155	97	0.2	Mobile	34	0	0
6214	Other	38	CA	Student	161	66	0.52	Web	0	1	1
6215	Other	30	UK	Free	15	24	0	Mobile	38	0	0
6216	Other	19	DE	Free	288	1	0.19	Desktop	47	0	0
6217	Male	24	UK	Family	16	27	0.1	Desktop	0	1	1
6218	Female	53	UK	Free	101	64	0.35	Mobile	20	0	0
6219	Male	46	UK	Premium	100	46	0.56	Desktop	0	1	0
6220	Female	56	FR	Family	50	5	0.58	Web	0	1	0
6221	Other	50	CA	Free	97	74	0.32	Web	29	0	0
6222	Female	40	US	Family	49	1	0.47	Web	0	1	1
6223	Female	36	UK	Student	211	44	0.54	Web	0	1	1
6224	Other	20	PK	Premium	60	15	0.49	Web	0	1	0
6225	Other	18	CA	Premium	23	39	0.22	Mobile	0	1	1
6226	Other	20	AU	Student	140	48	0.45	Web	0	1	0
6227	Male	53	DE	Family	211	60	0.46	Web	0	1	1
6228	Other	29	IN	Family	119	90	0.42	Desktop	0	1	0
6229	Other	52	CA	Premium	117	83	0.56	Web	0	1	1
6230	Male	23	IN	Premium	215	42	0.33	Web	0	1	0
6231	Female	41	FR	Student	66	3	0.55	Web	0	1	0
6232	Male	31	US	Free	17	97	0.07	Web	30	0	0
6233	Male	23	IN	Family	219	79	0.28	Web	0	1	0
6234	Female	45	US	Free	246	6	0.22	Web	45	0	1
6235	Male	38	PK	Free	30	64	0.04	Mobile	42	0	0
6236	Other	44	DE	Family	141	72	0.17	Mobile	0	1	0
6237	Other	51	CA	Free	42	22	0.43	Desktop	39	0	0
6238	Male	20	FR	Premium	188	32	0.48	Mobile	0	1	0
6239	Female	46	UK	Premium	56	96	0.58	Desktop	0	1	0
6240	Male	21	CA	Free	93	99	0.1	Desktop	22	0	0
6241	Male	19	IN	Student	89	74	0.33	Mobile	0	1	0
6242	Female	36	US	Family	133	6	0.59	Mobile	0	1	0
6243	Female	41	PK	Free	201	54	0.55	Mobile	35	0	1
6244	Other	29	US	Family	279	6	0.46	Web	0	1	0
6245	Other	46	DE	Family	101	13	0.08	Mobile	0	1	0
6246	Female	59	US	Family	259	59	0.05	Desktop	0	1	0
6247	Male	29	CA	Student	181	28	0.28	Mobile	0	1	1
6248	Female	47	DE	Premium	158	36	0.53	Web	0	1	0
6249	Other	41	PK	Student	236	9	0.08	Desktop	0	1	1
6250	Other	50	CA	Family	235	3	0.55	Web	0	1	1
6251	Female	16	DE	Premium	32	68	0.44	Mobile	0	1	0
6252	Other	38	PK	Free	45	97	0.56	Mobile	13	0	0
6253	Female	56	PK	Student	20	55	0.38	Mobile	0	1	1
6254	Other	19	IN	Premium	11	41	0.05	Mobile	0	1	0
6255	Other	57	US	Premium	33	48	0.48	Web	0	1	0
6256	Other	27	CA	Student	213	98	0.15	Web	0	1	0
6257	Female	40	FR	Premium	262	64	0.15	Mobile	0	1	1
6258	Female	32	FR	Student	80	85	0.34	Mobile	0	1	0
6259	Female	16	UK	Student	68	51	0.43	Web	0	1	0
6260	Female	34	FR	Student	102	56	0.12	Web	0	1	0
6261	Female	17	US	Student	298	37	0.22	Desktop	0	1	1
6262	Female	45	UK	Premium	192	85	0.05	Desktop	0	1	0
6263	Male	52	PK	Family	174	18	0.53	Mobile	0	1	0
6264	Female	22	UK	Free	273	35	0.16	Web	36	0	0
6265	Male	38	PK	Family	277	90	0.26	Desktop	0	1	0
6266	Other	44	US	Student	204	72	0.34	Web	0	1	0
6267	Male	59	CA	Student	23	14	0.47	Desktop	0	1	0
6268	Female	52	DE	Premium	273	61	0.49	Desktop	0	1	0
6269	Other	54	US	Family	109	32	0.54	Web	0	1	0
6270	Male	40	IN	Student	57	56	0.06	Mobile	0	1	0
6271	Male	55	CA	Student	294	96	0.14	Web	0	1	0
6272	Female	20	DE	Free	88	83	0.55	Mobile	32	0	1
6273	Female	51	CA	Premium	274	70	0.44	Desktop	0	1	0
6274	Other	32	DE	Student	41	47	0.48	Web	0	1	1
6275	Female	47	CA	Family	108	69	0.04	Web	0	1	1
6276	Other	27	FR	Free	139	80	0.23	Web	39	0	0
6277	Other	18	PK	Free	123	81	0.34	Web	28	0	0
6278	Male	30	UK	Premium	164	69	0.19	Desktop	0	1	0
6279	Male	33	US	Student	28	59	0.31	Mobile	0	1	0
6280	Other	53	UK	Family	289	10	0.39	Desktop	0	1	0
6281	Female	42	CA	Free	195	29	0.43	Mobile	40	0	0
6282	Female	50	US	Free	170	64	0.01	Mobile	25	0	0
6283	Female	30	DE	Free	103	35	0.38	Web	33	0	1
6284	Female	38	UK	Free	87	14	0.38	Mobile	18	0	0
6285	Other	50	CA	Family	36	21	0.03	Web	0	1	1
6286	Other	20	DE	Family	172	70	0.19	Desktop	0	1	0
6287	Male	18	PK	Free	245	95	0.54	Mobile	17	0	0
6288	Female	48	AU	Premium	240	26	0.32	Desktop	0	1	1
6289	Female	51	FR	Family	32	25	0.49	Web	0	1	0
6290	Female	57	UK	Premium	294	54	0.58	Mobile	0	1	0
6291	Other	32	PK	Student	217	77	0.34	Web	0	1	0
6292	Female	26	CA	Family	82	46	0.45	Web	0	1	0
6293	Other	46	PK	Family	196	77	0.51	Mobile	0	1	0
6294	Male	41	IN	Student	177	25	0.42	Web	0	1	1
6295	Other	27	IN	Premium	223	39	0.17	Web	0	1	0
6296	Female	30	PK	Premium	272	46	0.27	Desktop	0	1	0
6297	Other	31	CA	Premium	11	4	0.5	Mobile	0	1	0
6298	Male	20	AU	Student	10	76	0.49	Desktop	0	1	0
6299	Other	45	FR	Free	154	88	0.23	Mobile	44	0	0
6300	Other	37	CA	Free	145	82	0.13	Web	42	0	0
6301	Male	55	FR	Student	239	66	0.1	Web	0	1	0
6302	Male	29	DE	Student	217	93	0.52	Desktop	0	1	1
6303	Other	41	IN	Family	297	2	0.3	Desktop	0	1	0
6304	Male	54	CA	Premium	257	87	0.28	Mobile	0	1	0
6305	Other	45	FR	Student	203	58	0.32	Web	0	1	1
6306	Female	26	US	Student	143	9	0.23	Web	0	1	0
6307	Male	53	IN	Free	256	60	0.06	Desktop	35	0	1
6308	Female	45	IN	Free	294	43	0.51	Web	27	0	0
6309	Other	42	US	Family	270	77	0.25	Web	0	1	0
6310	Other	18	US	Family	194	4	0.5	Mobile	0	1	1
6311	Male	52	CA	Premium	195	76	0.15	Desktop	0	1	0
6312	Other	45	CA	Family	113	62	0.11	Desktop	0	1	0
6313	Male	18	US	Free	230	42	0.26	Mobile	28	0	0
6314	Male	25	US	Family	238	25	0.13	Web	0	1	0
6315	Female	50	IN	Free	181	2	0.12	Web	20	0	0
6316	Male	55	DE	Free	65	69	0.47	Desktop	49	0	1
6317	Male	37	DE	Premium	149	52	0.48	Web	0	1	0
6318	Female	42	DE	Family	197	86	0.35	Desktop	0	1	0
6319	Female	17	DE	Free	214	78	0.58	Desktop	43	0	0
6320	Other	35	AU	Premium	207	33	0.29	Web	0	1	1
6321	Male	39	US	Family	245	16	0.5	Desktop	0	1	0
6322	Female	31	PK	Premium	111	11	0.28	Desktop	0	1	1
6323	Male	57	CA	Free	269	97	0.08	Desktop	15	0	0
6324	Male	52	US	Premium	299	56	0.56	Web	0	1	0
6325	Other	31	DE	Premium	65	54	0.23	Desktop	0	1	0
6326	Female	20	DE	Free	219	76	0.32	Mobile	44	0	0
6327	Female	57	CA	Free	103	83	0.17	Mobile	21	0	1
6328	Other	33	FR	Premium	285	65	0.49	Mobile	0	1	0
6329	Other	54	DE	Free	19	62	0.34	Desktop	39	0	0
6330	Male	51	AU	Premium	160	10	0.31	Desktop	0	1	0
6331	Female	54	DE	Student	228	53	0.54	Desktop	0	1	0
6332	Male	49	PK	Family	48	43	0.46	Desktop	0	1	0
6333	Female	28	AU	Student	155	74	0.53	Web	0	1	0
6334	Female	38	FR	Free	294	63	0.21	Mobile	35	0	0
6335	Other	34	CA	Family	69	40	0.29	Mobile	0	1	0
6336	Other	24	PK	Student	175	51	0.15	Web	0	1	1
6337	Other	57	IN	Family	154	98	0.56	Mobile	0	1	0
6338	Other	45	IN	Premium	89	51	0.58	Mobile	0	1	0
6339	Other	41	UK	Student	176	81	0.41	Web	0	1	0
6340	Other	37	IN	Free	106	38	0.58	Web	7	0	0
6341	Male	25	AU	Family	45	42	0.17	Web	0	1	0
6342	Other	24	FR	Student	241	75	0.25	Web	0	1	1
6343	Other	27	US	Premium	134	86	0.25	Web	0	1	0
6344	Other	58	AU	Premium	146	31	0.46	Desktop	0	1	1
6345	Male	39	DE	Premium	74	63	0.4	Web	0	1	0
6346	Male	32	IN	Family	123	52	0.13	Mobile	0	1	0
6347	Other	26	CA	Student	267	40	0.45	Mobile	0	1	0
6348	Male	20	DE	Premium	196	77	0.27	Mobile	0	1	0
6349	Female	18	IN	Free	95	37	0.24	Mobile	7	0	1
6350	Female	56	US	Free	33	24	0.44	Mobile	33	0	1
6351	Male	47	US	Free	281	5	0.5	Desktop	39	0	1
6352	Male	18	DE	Premium	34	44	0.15	Mobile	0	1	1
6353	Other	42	IN	Premium	104	27	0.34	Web	0	1	0
6354	Other	51	FR	Family	238	35	0.12	Desktop	0	1	0
6355	Male	23	FR	Premium	246	24	0.28	Desktop	0	1	1
6356	Other	39	US	Free	229	41	0.13	Web	34	0	0
6357	Female	17	CA	Premium	272	96	0.24	Desktop	0	1	0
6358	Male	42	CA	Student	107	76	0.22	Mobile	0	1	0
6359	Other	42	UK	Family	57	97	0.09	Web	0	1	0
6360	Other	27	AU	Premium	81	52	0.5	Mobile	0	1	0
6361	Male	57	UK	Family	24	35	0.3	Mobile	0	1	0
6362	Male	18	PK	Free	195	95	0.06	Desktop	6	0	0
6363	Other	55	DE	Family	21	71	0.3	Mobile	0	1	0
6364	Other	43	AU	Family	155	58	0.27	Desktop	0	1	0
6365	Female	36	US	Premium	180	78	0.28	Mobile	0	1	0
6366	Other	35	AU	Family	55	86	0.19	Web	0	1	1
6367	Female	57	PK	Family	31	12	0.54	Web	0	1	0
6368	Other	51	PK	Family	63	63	0.34	Web	0	1	1
6369	Male	56	DE	Family	292	90	0.1	Mobile	0	1	0
6370	Other	28	CA	Free	159	71	0.44	Mobile	25	0	1
6371	Male	59	DE	Family	128	50	0.56	Desktop	0	1	1
6372	Other	36	IN	Premium	246	4	0.57	Desktop	0	1	0
6373	Male	59	AU	Free	20	98	0.37	Mobile	42	0	0
6374	Male	53	CA	Premium	110	53	0.48	Web	0	1	0
6375	Male	57	PK	Family	295	7	0.44	Desktop	0	1	0
6376	Female	24	CA	Premium	27	50	0.56	Mobile	0	1	0
6377	Female	38	IN	Free	101	47	0.06	Mobile	39	0	1
6378	Male	53	FR	Free	96	60	0.5	Web	25	0	0
6379	Male	37	UK	Family	270	37	0.18	Web	0	1	0
6380	Female	26	UK	Premium	60	14	0.13	Desktop	0	1	0
6381	Other	31	CA	Free	110	34	0.06	Desktop	49	0	0
6382	Other	38	UK	Family	129	50	0.59	Mobile	0	1	0
6383	Male	33	US	Student	112	17	0.15	Web	0	1	0
6384	Female	55	PK	Student	102	63	0.24	Mobile	0	1	0
6385	Male	30	PK	Premium	192	73	0.31	Mobile	0	1	1
6386	Male	43	FR	Premium	299	97	0.06	Desktop	0	1	0
6387	Female	26	FR	Free	80	73	0.4	Mobile	5	0	0
6388	Male	57	IN	Premium	213	89	0.12	Mobile	0	1	1
6389	Other	28	CA	Premium	189	93	0.46	Web	0	1	1
6390	Female	32	IN	Premium	167	26	0.06	Mobile	0	1	1
6391	Other	56	IN	Student	18	41	0.33	Desktop	0	1	0
6392	Other	18	CA	Free	255	33	0.55	Web	45	0	0
6393	Female	47	CA	Free	88	87	0.56	Web	24	0	0
6394	Female	35	IN	Student	68	78	0.59	Web	0	1	0
6395	Male	47	FR	Premium	46	54	0.2	Desktop	0	1	1
6396	Female	42	PK	Free	284	70	0.52	Web	33	0	0
6397	Other	44	US	Student	118	3	0.25	Desktop	0	1	0
6398	Other	48	FR	Premium	72	26	0.55	Web	0	1	1
6399	Male	48	DE	Free	278	34	0.09	Mobile	13	0	1
6400	Other	49	PK	Family	173	98	0.19	Mobile	0	1	1
6401	Male	47	AU	Family	295	60	0.12	Web	0	1	0
6402	Other	58	US	Family	251	82	0.18	Desktop	0	1	0
6403	Male	20	DE	Family	138	6	0.44	Web	0	1	0
6404	Male	47	UK	Free	119	24	0.47	Desktop	14	0	0
6405	Female	44	AU	Premium	43	82	0.48	Mobile	0	1	1
6406	Other	34	FR	Free	152	22	0.04	Web	14	0	0
6407	Other	24	UK	Student	75	29	0.26	Mobile	0	1	0
6408	Female	21	FR	Premium	108	93	0.24	Web	0	1	0
6409	Female	21	US	Family	126	96	0.02	Mobile	0	1	0
6410	Male	55	PK	Family	160	81	0.42	Mobile	0	1	1
6411	Male	30	AU	Free	26	15	0.59	Mobile	27	0	0
6412	Male	41	CA	Student	64	88	0.33	Web	0	1	1
6413	Other	31	FR	Student	299	52	0.21	Desktop	0	1	0
6414	Female	26	UK	Free	94	34	0.12	Web	15	0	1
6415	Male	17	DE	Family	191	24	0.02	Web	0	1	0
6416	Female	49	FR	Family	133	38	0.33	Desktop	0	1	0
6417	Male	51	FR	Family	92	58	0	Desktop	0	1	0
6418	Male	32	US	Free	28	11	0.19	Mobile	41	0	0
6419	Other	57	FR	Premium	22	2	0.18	Web	0	1	0
6420	Female	59	PK	Premium	146	70	0.58	Desktop	0	1	0
6421	Other	53	US	Family	201	19	0.15	Web	0	1	0
6422	Male	57	CA	Student	211	7	0.6	Web	0	1	0
6423	Male	54	UK	Free	185	20	0.02	Web	24	0	0
6424	Other	21	UK	Student	61	13	0.6	Desktop	0	1	0
6425	Female	31	AU	Premium	56	19	0.47	Web	0	1	1
6426	Female	28	FR	Family	225	73	0.35	Mobile	0	1	1
6427	Other	46	UK	Free	126	98	0.03	Web	9	0	0
6428	Female	23	US	Free	203	32	0.35	Desktop	48	0	0
6429	Female	47	PK	Free	114	86	0.16	Mobile	20	0	0
6430	Other	38	CA	Free	279	83	0.55	Mobile	18	0	0
6431	Female	45	AU	Premium	83	40	0.52	Web	0	1	0
6432	Female	49	AU	Family	55	12	0.21	Web	0	1	0
6433	Male	43	IN	Free	205	12	0.08	Web	26	0	1
6434	Other	45	AU	Student	93	96	0.5	Mobile	0	1	0
6435	Female	57	CA	Free	247	32	0.32	Desktop	36	0	1
6436	Other	17	US	Free	23	75	0.16	Mobile	46	0	0
6437	Other	46	AU	Free	68	92	0.43	Desktop	34	0	1
6438	Other	59	US	Premium	137	33	0	Mobile	0	1	0
6439	Male	29	IN	Family	31	32	0.09	Web	0	1	0
6440	Male	51	US	Free	30	46	0.34	Web	28	0	0
6441	Male	32	DE	Free	62	43	0.01	Desktop	47	0	0
6442	Other	21	AU	Student	143	6	0.36	Web	0	1	0
6443	Female	39	CA	Free	112	35	0.56	Mobile	16	0	0
6444	Other	52	FR	Family	98	35	0.23	Mobile	0	1	0
6445	Other	25	FR	Family	81	99	0.39	Mobile	0	1	0
6446	Other	46	FR	Student	165	87	0.57	Desktop	0	1	0
6447	Female	31	PK	Family	151	93	0.08	Web	0	1	0
6448	Male	45	IN	Family	123	97	0.02	Mobile	0	1	0
6449	Other	29	US	Free	216	86	0.53	Web	28	0	1
6450	Female	20	DE	Student	293	17	0.2	Web	0	1	1
6451	Other	36	CA	Premium	262	90	0.39	Desktop	0	1	1
6452	Male	38	AU	Free	196	83	0.03	Desktop	31	0	0
6453	Female	41	UK	Family	190	24	0.5	Mobile	0	1	0
6454	Other	50	AU	Student	266	49	0.35	Desktop	0	1	0
6455	Other	19	DE	Premium	200	34	0.14	Web	0	1	1
6456	Other	54	IN	Free	60	46	0.52	Desktop	25	0	1
6457	Other	46	UK	Free	154	38	0.25	Web	6	0	0
6458	Female	30	US	Family	91	47	0.33	Mobile	0	1	0
6459	Male	16	UK	Free	104	99	0.11	Mobile	11	0	0
6460	Other	33	US	Family	217	16	0.39	Mobile	0	1	0
6461	Other	47	PK	Student	187	99	0.48	Web	0	1	0
6462	Male	38	FR	Family	98	7	0.55	Desktop	0	1	1
6463	Other	43	FR	Family	188	85	0.22	Web	0	1	1
6464	Female	33	IN	Free	244	57	0.42	Desktop	28	0	1
6465	Female	49	FR	Free	164	84	0.05	Mobile	7	0	0
6466	Female	50	AU	Family	295	61	0.1	Desktop	0	1	0
6467	Other	55	DE	Free	220	13	0.26	Mobile	21	0	1
6468	Male	48	FR	Free	46	58	0.57	Web	21	0	1
6469	Male	51	PK	Family	127	59	0.21	Web	0	1	0
6470	Other	23	AU	Family	270	72	0.21	Web	0	1	1
6471	Male	47	DE	Free	151	88	0.44	Web	31	0	0
6472	Female	42	FR	Free	122	17	0.4	Web	24	0	0
6473	Female	23	AU	Student	170	17	0.14	Desktop	0	1	0
6474	Female	42	AU	Student	294	79	0.45	Mobile	0	1	0
6475	Female	28	CA	Free	29	72	0.34	Desktop	41	0	0
6476	Male	33	IN	Student	77	56	0.34	Web	0	1	0
6477	Male	20	CA	Family	10	1	0.56	Mobile	0	1	0
6478	Female	47	DE	Free	34	14	0.44	Desktop	34	0	0
6479	Male	35	PK	Premium	172	25	0.42	Web	0	1	1
6480	Male	35	PK	Student	78	8	0.05	Mobile	0	1	1
6481	Male	54	PK	Family	297	53	0.34	Web	0	1	1
6482	Male	47	UK	Free	18	22	0.59	Mobile	43	0	0
6483	Other	49	DE	Family	75	81	0.57	Mobile	0	1	1
6484	Female	44	PK	Free	75	21	0.17	Mobile	19	0	0
6485	Other	21	PK	Premium	82	73	0.26	Mobile	0	1	1
6486	Female	44	AU	Family	89	80	0.32	Web	0	1	0
6487	Other	49	DE	Family	242	93	0.29	Mobile	0	1	0
6488	Other	30	DE	Student	50	29	0.16	Mobile	0	1	0
6489	Female	48	AU	Free	168	25	0.19	Web	38	0	0
6490	Other	38	PK	Family	217	38	0.34	Desktop	0	1	0
6491	Female	48	CA	Student	254	16	0.45	Mobile	0	1	0
6492	Female	44	PK	Student	190	36	0.27	Web	0	1	0
6493	Female	26	PK	Family	123	19	0.13	Web	0	1	1
6494	Male	34	CA	Family	47	58	0.59	Web	0	1	1
6495	Female	41	UK	Premium	194	82	0.17	Web	0	1	0
6496	Male	44	FR	Family	67	66	0.53	Mobile	0	1	0
6497	Male	40	AU	Free	296	41	0.23	Desktop	13	0	0
6498	Female	51	FR	Premium	118	80	0.23	Web	0	1	0
6499	Other	48	UK	Family	284	97	0.15	Desktop	0	1	0
6500	Female	56	PK	Student	245	10	0.5	Web	0	1	0
6501	Female	43	FR	Premium	149	37	0.26	Desktop	0	1	1
6502	Other	47	DE	Family	281	31	0.19	Mobile	0	1	0
6503	Male	36	CA	Family	265	69	0.16	Desktop	0	1	0
6504	Male	27	FR	Student	56	31	0.16	Desktop	0	1	0
6505	Male	53	IN	Student	43	89	0.53	Desktop	0	1	0
6506	Female	27	FR	Student	220	93	0.34	Mobile	0	1	0
6507	Female	39	AU	Family	53	39	0.01	Web	0	1	0
6508	Male	39	IN	Family	146	32	0.41	Mobile	0	1	0
6509	Female	53	IN	Free	12	90	0.09	Mobile	39	0	0
6510	Other	18	UK	Family	256	17	0.1	Desktop	0	1	1
6511	Other	20	US	Free	290	44	0.05	Web	20	0	0
6512	Other	20	US	Free	123	80	0.33	Web	22	0	0
6513	Female	40	FR	Free	174	12	0.2	Desktop	15	0	1
6514	Female	18	IN	Family	64	41	0.54	Desktop	0	1	0
6515	Other	37	UK	Premium	185	65	0.19	Web	0	1	0
6516	Other	31	DE	Premium	85	92	0.18	Desktop	0	1	0
6517	Male	18	IN	Premium	255	75	0.57	Mobile	0	1	0
6518	Female	48	PK	Family	162	24	0.15	Desktop	0	1	0
6519	Female	37	CA	Family	262	53	0.55	Desktop	0	1	0
6520	Other	21	PK	Premium	230	46	0.44	Mobile	0	1	0
6521	Other	38	CA	Family	294	33	0.07	Desktop	0	1	0
6522	Female	18	PK	Free	146	85	0.51	Desktop	19	0	0
6523	Other	43	IN	Free	105	66	0.48	Desktop	36	0	0
6524	Other	51	FR	Premium	147	77	0.09	Web	0	1	0
6525	Male	22	CA	Family	275	18	0.12	Desktop	0	1	0
6526	Female	43	AU	Student	299	39	0.12	Desktop	0	1	0
6527	Male	33	FR	Family	220	81	0.16	Mobile	0	1	0
6528	Male	54	CA	Student	272	98	0.58	Web	0	1	0
6529	Female	20	PK	Student	264	80	0.3	Web	0	1	1
6530	Female	18	CA	Free	54	38	0.56	Mobile	30	0	0
6531	Other	26	CA	Free	23	87	0.11	Mobile	27	0	0
6532	Other	30	CA	Student	43	43	0.08	Web	0	1	0
6533	Male	22	CA	Premium	169	28	0.4	Mobile	0	1	1
6534	Male	24	DE	Free	52	21	0.52	Mobile	5	0	0
6535	Female	48	DE	Family	189	92	0.23	Web	0	1	0
6536	Male	31	US	Premium	14	92	0.31	Desktop	0	1	0
6537	Male	23	US	Premium	51	63	0.15	Web	0	1	0
6538	Male	33	CA	Student	41	22	0.55	Desktop	0	1	1
6539	Male	38	US	Family	98	19	0.42	Mobile	0	1	0
6540	Female	35	FR	Premium	94	33	0.54	Mobile	0	1	1
6541	Male	23	DE	Student	261	60	0.4	Desktop	0	1	0
6542	Male	19	CA	Premium	180	40	0.32	Web	0	1	0
6543	Other	26	CA	Family	178	53	0.52	Mobile	0	1	0
6544	Other	50	AU	Student	31	39	0.58	Mobile	0	1	1
6545	Other	25	FR	Family	299	99	0.3	Desktop	0	1	0
6546	Female	41	CA	Premium	240	58	0.14	Desktop	0	1	1
6547	Male	42	DE	Family	233	45	0.02	Desktop	0	1	0
6548	Female	53	IN	Free	95	88	0.31	Mobile	13	0	0
6549	Other	34	AU	Student	155	21	0.35	Mobile	0	1	1
6550	Other	56	IN	Family	65	68	0.05	Web	0	1	1
6551	Other	31	UK	Free	160	35	0.52	Desktop	8	0	0
6552	Female	40	US	Student	129	29	0.12	Web	0	1	0
6553	Other	20	AU	Student	290	46	0.4	Desktop	0	1	0
6554	Other	53	PK	Free	49	70	0.11	Desktop	24	0	0
6555	Other	21	CA	Family	51	86	0.03	Web	0	1	0
6556	Male	30	US	Free	81	30	0.35	Web	42	0	0
6557	Other	45	FR	Premium	124	5	0.18	Desktop	0	1	1
6558	Other	18	AU	Family	200	75	0.26	Web	0	1	1
6559	Other	48	IN	Family	70	70	0.06	Desktop	0	1	0
6560	Male	52	IN	Student	99	41	0.49	Web	0	1	1
6561	Female	28	DE	Family	202	44	0.1	Web	0	1	0
6562	Other	18	PK	Premium	105	82	0.37	Desktop	0	1	0
6563	Female	57	AU	Student	57	93	0.1	Desktop	0	1	0
6564	Female	26	FR	Student	248	67	0.09	Desktop	0	1	0
6565	Male	25	UK	Free	164	32	0.2	Mobile	25	0	0
6566	Male	54	IN	Premium	85	69	0.39	Web	0	1	0
6567	Male	20	CA	Student	26	81	0.54	Desktop	0	1	0
6568	Male	32	FR	Family	208	56	0.15	Web	0	1	0
6569	Other	47	CA	Family	28	25	0.5	Web	0	1	0
6570	Male	32	CA	Premium	10	24	0.47	Web	0	1	0
6571	Male	18	DE	Student	290	31	0.45	Desktop	0	1	0
6572	Male	51	US	Student	153	62	0.42	Desktop	0	1	0
6573	Male	57	DE	Premium	200	88	0.41	Desktop	0	1	0
6574	Other	46	DE	Free	273	61	0.15	Mobile	9	0	0
6575	Male	20	US	Premium	254	96	0.38	Desktop	0	1	0
6576	Other	57	FR	Premium	298	39	0.09	Mobile	0	1	1
6577	Other	53	UK	Premium	146	97	0.05	Desktop	0	1	0
6578	Other	44	CA	Premium	84	68	0.04	Mobile	0	1	0
6579	Other	48	PK	Family	134	81	0.24	Mobile	0	1	0
6580	Other	54	AU	Student	125	11	0.21	Desktop	0	1	0
6581	Male	48	US	Premium	72	65	0.11	Desktop	0	1	1
6582	Other	48	AU	Premium	264	85	0.58	Web	0	1	0
6583	Male	35	IN	Premium	67	38	0.19	Desktop	0	1	0
6584	Male	33	FR	Family	187	81	0.44	Desktop	0	1	0
6585	Male	21	US	Student	24	6	0.59	Desktop	0	1	0
6586	Other	59	PK	Family	29	79	0.45	Web	0	1	0
6587	Other	58	FR	Student	125	49	0.12	Desktop	0	1	0
6588	Other	23	FR	Student	201	57	0.42	Desktop	0	1	0
6589	Male	59	UK	Student	186	92	0.12	Mobile	0	1	1
6590	Male	22	CA	Student	54	84	0.14	Mobile	0	1	0
6591	Male	55	DE	Free	236	48	0.25	Web	8	0	0
6592	Female	40	AU	Premium	114	88	0.55	Mobile	0	1	0
6593	Male	36	FR	Family	176	67	0.46	Web	0	1	0
6594	Other	46	DE	Premium	251	69	0.59	Desktop	0	1	0
6595	Male	56	CA	Premium	129	25	0.48	Web	0	1	0
6596	Other	28	PK	Family	201	95	0.24	Web	0	1	1
6597	Female	59	FR	Premium	49	42	0.3	Mobile	0	1	0
6598	Other	51	UK	Student	239	73	0.03	Desktop	0	1	0
6599	Male	27	CA	Premium	30	63	0.41	Desktop	0	1	0
6600	Male	54	DE	Premium	237	72	0.1	Mobile	0	1	0
6601	Male	16	CA	Free	97	5	0.6	Mobile	32	0	0
6602	Female	18	FR	Family	178	59	0.27	Mobile	0	1	0
6603	Female	36	US	Free	133	88	0.5	Desktop	49	0	0
6604	Male	50	PK	Family	169	50	0.2	Mobile	0	1	0
6605	Male	41	UK	Student	291	52	0.41	Web	0	1	0
6606	Male	41	PK	Student	276	69	0.07	Web	0	1	0
6607	Female	25	AU	Premium	46	69	0.04	Web	0	1	0
6608	Male	57	CA	Family	53	50	0.45	Desktop	0	1	0
6609	Male	46	IN	Premium	201	74	0.39	Desktop	0	1	0
6610	Other	53	PK	Family	164	82	0.29	Desktop	0	1	1
6611	Other	44	IN	Premium	259	15	0.44	Web	0	1	0
6612	Other	55	UK	Student	128	11	0.03	Mobile	0	1	0
6613	Male	58	IN	Premium	42	45	0.21	Mobile	0	1	0
6614	Male	20	AU	Family	258	59	0.48	Desktop	0	1	0
6615	Other	31	IN	Family	263	8	0.38	Mobile	0	1	0
6616	Other	49	FR	Family	45	15	0.34	Web	0	1	1
6617	Male	19	UK	Free	24	60	0.1	Mobile	26	0	0
6618	Male	19	UK	Free	241	20	0.57	Mobile	26	0	0
6619	Other	35	AU	Student	41	8	0.17	Web	0	1	1
6620	Male	36	IN	Premium	252	85	0.55	Mobile	0	1	0
6621	Male	37	US	Student	236	60	0.15	Web	0	1	0
6622	Other	46	US	Student	173	68	0.51	Web	0	1	0
6623	Other	24	DE	Student	279	60	0.24	Mobile	0	1	1
6624	Male	57	AU	Family	286	47	0.25	Web	0	1	0
6625	Female	46	CA	Premium	170	38	0.6	Web	0	1	0
6626	Female	41	CA	Student	98	20	0.5	Web	0	1	1
6627	Male	43	CA	Student	150	37	0.23	Desktop	0	1	0
6628	Other	25	UK	Premium	139	8	0.48	Mobile	0	1	1
6629	Male	35	PK	Family	39	81	0.16	Desktop	0	1	0
6630	Other	36	CA	Family	164	90	0.26	Mobile	0	1	0
6631	Female	46	DE	Family	282	7	0.25	Desktop	0	1	0
6632	Male	26	CA	Premium	175	52	0.48	Mobile	0	1	1
6633	Other	22	FR	Premium	271	14	0.41	Web	0	1	0
6634	Male	48	UK	Student	268	11	0.19	Mobile	0	1	0
6635	Female	30	CA	Free	146	93	0.33	Web	28	0	0
6636	Other	52	US	Family	134	73	0.55	Desktop	0	1	0
6637	Other	39	IN	Premium	283	57	0.11	Web	0	1	0
6638	Other	40	US	Student	181	91	0.57	Mobile	0	1	0
6639	Male	36	AU	Family	213	29	0.34	Desktop	0	1	0
6640	Male	58	DE	Free	206	11	0.56	Desktop	8	0	0
6641	Female	55	PK	Free	127	81	0	Mobile	47	0	0
6642	Other	49	DE	Family	169	31	0.08	Mobile	0	1	0
6643	Female	28	DE	Premium	60	65	0.01	Mobile	0	1	0
6644	Other	24	FR	Family	95	51	0.31	Desktop	0	1	0
6645	Other	41	PK	Premium	33	91	0.16	Mobile	0	1	0
6646	Male	33	CA	Student	241	99	0.53	Desktop	0	1	0
6647	Female	56	UK	Student	105	52	0.2	Mobile	0	1	1
6648	Male	26	AU	Free	210	81	0.53	Web	14	0	0
6649	Other	19	US	Premium	277	33	0.31	Web	0	1	0
6650	Female	50	AU	Premium	168	76	0.38	Desktop	0	1	0
6651	Male	28	IN	Student	54	44	0.03	Web	0	1	0
6652	Other	28	IN	Free	268	48	0.07	Desktop	43	0	0
6653	Other	55	CA	Student	190	44	0.48	Desktop	0	1	0
6654	Other	49	CA	Family	291	13	0.2	Web	0	1	1
6655	Female	31	CA	Student	249	6	0.31	Web	0	1	0
6656	Male	19	DE	Student	53	72	0.56	Web	0	1	0
6657	Female	37	UK	Student	88	86	0.19	Web	0	1	0
6658	Other	19	IN	Student	158	8	0.29	Web	0	1	0
6659	Male	44	FR	Premium	23	94	0.47	Web	0	1	0
6660	Male	17	DE	Premium	163	30	0.36	Mobile	0	1	0
6661	Female	32	DE	Free	100	37	0.04	Desktop	21	0	1
6662	Female	35	AU	Premium	104	72	0.34	Desktop	0	1	0
6663	Female	58	UK	Student	58	22	0.15	Mobile	0	1	0
6664	Male	47	UK	Family	88	2	0.33	Mobile	0	1	0
6665	Female	58	UK	Free	25	94	0.08	Desktop	42	0	0
6666	Other	37	DE	Free	296	34	0.01	Desktop	46	0	1
6667	Other	27	PK	Premium	262	88	0.02	Web	0	1	0
6668	Other	46	DE	Family	264	85	0.27	Web	0	1	0
6669	Male	18	FR	Premium	58	88	0.53	Web	0	1	0
6670	Male	46	CA	Family	249	66	0	Desktop	0	1	0
6671	Male	43	US	Free	208	29	0.4	Desktop	9	0	0
6672	Female	20	IN	Free	278	16	0.01	Mobile	28	0	0
6673	Male	53	DE	Free	15	27	0.46	Mobile	43	0	1
6674	Female	48	AU	Premium	165	54	0.22	Desktop	0	1	1
6675	Female	18	UK	Free	144	88	0.55	Mobile	23	0	0
6676	Other	39	CA	Student	163	13	0.26	Web	0	1	0
6677	Female	51	AU	Premium	28	48	0.09	Mobile	0	1	1
6678	Male	21	AU	Student	77	13	0.21	Desktop	0	1	0
6679	Female	47	IN	Premium	243	80	0.48	Web	0	1	0
6680	Male	55	AU	Student	119	72	0.35	Web	0	1	0
6681	Male	32	US	Premium	197	97	0.01	Desktop	0	1	1
6682	Female	59	PK	Premium	39	5	0.37	Web	0	1	0
6683	Male	59	FR	Free	14	98	0.42	Desktop	16	0	1
6684	Male	26	FR	Student	193	17	0.55	Web	0	1	0
6685	Male	36	IN	Premium	60	41	0.38	Desktop	0	1	0
6686	Male	44	AU	Free	270	55	0.51	Web	43	0	0
6687	Female	47	CA	Family	227	6	0.13	Desktop	0	1	0
6688	Female	25	UK	Free	69	94	0.16	Desktop	18	0	0
6689	Male	40	US	Premium	62	13	0.43	Mobile	0	1	0
6690	Male	39	IN	Free	67	38	0.53	Web	36	0	0
6691	Other	21	FR	Premium	208	21	0.04	Mobile	0	1	1
6692	Other	56	FR	Free	63	64	0.56	Desktop	46	0	0
6693	Other	42	UK	Free	169	69	0.49	Web	48	0	0
6694	Male	30	DE	Free	206	88	0.22	Web	39	0	0
6695	Other	19	IN	Family	110	71	0.16	Mobile	0	1	0
6696	Male	20	AU	Family	60	9	0.15	Desktop	0	1	0
6697	Female	23	FR	Premium	247	27	0.18	Web	0	1	0
6698	Other	24	DE	Premium	98	17	0.17	Mobile	0	1	0
6699	Other	55	IN	Student	214	68	0.48	Desktop	0	1	0
6700	Female	32	AU	Premium	69	76	0.06	Web	0	1	0
6701	Female	38	AU	Premium	163	77	0.05	Web	0	1	0
6702	Female	18	US	Family	106	52	0.13	Desktop	0	1	1
6703	Other	59	FR	Premium	119	77	0.25	Mobile	0	1	0
6704	Female	27	PK	Premium	180	83	0.54	Web	0	1	0
6705	Other	16	IN	Free	93	71	0.43	Web	21	0	0
6706	Other	40	FR	Premium	58	83	0.27	Mobile	0	1	0
6707	Other	19	CA	Family	219	90	0.32	Desktop	0	1	0
6708	Other	55	UK	Free	92	66	0.49	Desktop	30	0	0
6709	Other	51	CA	Free	25	88	0.36	Mobile	37	0	0
6710	Female	52	CA	Free	37	18	0.42	Web	10	0	0
6711	Female	18	DE	Free	298	12	0.18	Desktop	47	0	1
6712	Female	53	PK	Student	267	47	0.49	Desktop	0	1	0
6713	Other	44	FR	Free	80	82	0.43	Mobile	27	0	0
6714	Other	56	AU	Family	87	24	0.3	Mobile	0	1	1
6715	Other	38	AU	Free	186	43	0.54	Desktop	8	0	0
6716	Other	26	UK	Premium	245	61	0.48	Desktop	0	1	0
6717	Female	38	PK	Free	28	74	0.03	Web	20	0	0
6718	Female	29	PK	Premium	80	52	0.53	Mobile	0	1	0
6719	Female	19	FR	Free	119	99	0.38	Mobile	36	0	0
6720	Male	17	US	Student	126	68	0.49	Web	0	1	0
6721	Male	49	US	Free	28	18	0.01	Desktop	22	0	1
6722	Male	46	PK	Family	96	91	0.37	Desktop	0	1	1
6723	Other	53	US	Premium	14	96	0.14	Web	0	1	1
6724	Female	33	AU	Student	155	17	0.58	Mobile	0	1	0
6725	Other	23	CA	Family	213	71	0.45	Mobile	0	1	0
6726	Female	30	PK	Student	173	92	0.38	Web	0	1	0
6727	Female	57	US	Student	294	44	0.2	Desktop	0	1	0
6728	Other	23	FR	Premium	83	14	0.15	Mobile	0	1	1
6729	Other	17	CA	Premium	156	52	0.44	Mobile	0	1	0
6730	Female	40	FR	Family	214	11	0.1	Web	0	1	0
6731	Female	19	IN	Free	229	7	0.6	Web	37	0	0
6732	Male	44	IN	Student	170	55	0.28	Desktop	0	1	0
6733	Other	57	FR	Free	270	75	0.13	Mobile	18	0	0
6734	Male	26	FR	Family	158	57	0.46	Web	0	1	0
6735	Other	48	UK	Family	10	5	0.33	Web	0	1	0
6736	Other	37	PK	Student	252	34	0.43	Mobile	0	1	1
6737	Other	31	US	Family	139	5	0.5	Mobile	0	1	1
6738	Female	58	CA	Premium	227	88	0.27	Web	0	1	0
6739	Female	52	AU	Student	155	39	0.34	Mobile	0	1	1
6740	Other	41	IN	Premium	201	46	0.13	Mobile	0	1	0
6741	Male	20	CA	Student	146	73	0.34	Web	0	1	1
6742	Other	20	PK	Family	81	41	0.29	Mobile	0	1	0
6743	Female	52	IN	Free	252	63	0.34	Web	29	0	0
6744	Male	43	UK	Premium	167	59	0.45	Web	0	1	0
6745	Female	24	IN	Family	261	63	0.17	Mobile	0	1	0
6746	Female	36	DE	Premium	43	28	0.45	Mobile	0	1	0
6747	Male	53	DE	Student	232	94	0.12	Mobile	0	1	1
6748	Female	49	US	Student	204	41	0.07	Desktop	0	1	1
6749	Other	26	UK	Family	274	48	0.59	Desktop	0	1	1
6750	Other	54	AU	Free	296	74	0.22	Desktop	10	0	0
6751	Male	35	US	Free	223	97	0.08	Mobile	27	0	0
6752	Female	26	DE	Premium	292	78	0.37	Desktop	0	1	1
6753	Female	30	FR	Premium	18	95	0.47	Web	0	1	0
6754	Female	28	FR	Free	250	58	0.44	Web	6	0	0
6755	Male	35	AU	Family	158	78	0.2	Desktop	0	1	0
6756	Female	57	FR	Free	256	62	0.56	Mobile	49	0	0
6757	Male	30	PK	Family	54	68	0.01	Mobile	0	1	0
6758	Male	46	FR	Student	156	29	0.52	Mobile	0	1	0
6759	Female	48	AU	Premium	126	59	0.26	Web	0	1	0
6760	Male	28	UK	Student	240	31	0.56	Mobile	0	1	0
6761	Female	43	IN	Family	82	11	0.49	Desktop	0	1	0
6762	Other	43	CA	Premium	251	21	0.34	Desktop	0	1	0
6763	Female	33	DE	Student	43	59	0.51	Desktop	0	1	0
6764	Other	59	CA	Student	270	86	0.43	Mobile	0	1	1
6765	Male	28	AU	Premium	160	2	0.24	Mobile	0	1	0
6766	Female	23	PK	Premium	266	60	0	Web	0	1	0
6767	Other	30	DE	Free	171	50	0.33	Web	24	0	0
6768	Female	21	US	Family	154	8	0.35	Web	0	1	0
6769	Male	43	IN	Free	164	42	0.49	Desktop	6	0	1
6770	Female	56	US	Free	294	20	0.1	Web	7	0	1
6771	Other	37	DE	Premium	18	60	0.1	Mobile	0	1	0
6772	Other	36	DE	Free	190	45	0.36	Mobile	24	0	0
6773	Female	56	CA	Premium	74	86	0.08	Mobile	0	1	1
6774	Male	25	AU	Free	93	6	0.47	Desktop	39	0	0
6775	Other	42	FR	Family	205	5	0.42	Desktop	0	1	0
6776	Other	50	PK	Family	170	39	0.26	Mobile	0	1	0
6777	Female	35	US	Family	33	29	0.16	Desktop	0	1	0
6778	Female	52	PK	Free	188	86	0.54	Desktop	29	0	0
6779	Other	16	IN	Free	72	95	0.17	Web	43	0	0
6780	Male	53	US	Free	167	80	0.13	Mobile	40	0	0
6781	Female	52	DE	Student	126	59	0.45	Web	0	1	1
6782	Other	42	US	Family	75	8	0.52	Desktop	0	1	1
6783	Other	34	AU	Free	167	31	0.32	Mobile	41	0	0
6784	Female	27	UK	Student	158	77	0.55	Mobile	0	1	0
6785	Male	33	CA	Family	225	23	0.25	Mobile	0	1	0
6786	Male	17	US	Student	196	21	0.54	Mobile	0	1	0
6787	Male	25	CA	Free	163	92	0.21	Desktop	8	0	0
6788	Male	57	UK	Premium	125	20	0.1	Web	0	1	0
6789	Female	18	US	Free	240	74	0.18	Desktop	46	0	0
6790	Male	31	FR	Free	166	72	0.45	Mobile	20	0	0
6791	Female	17	AU	Student	119	35	0.11	Desktop	0	1	0
6792	Other	30	IN	Free	183	61	0.32	Desktop	36	0	0
6793	Other	35	AU	Free	55	51	0.16	Mobile	12	0	0
6794	Male	56	FR	Premium	280	4	0.14	Desktop	0	1	0
6795	Other	46	UK	Family	283	33	0.4	Desktop	0	1	0
6796	Other	27	CA	Family	261	74	0.09	Desktop	0	1	0
6797	Female	31	AU	Family	205	53	0.13	Web	0	1	1
6798	Male	19	AU	Premium	84	78	0.04	Mobile	0	1	0
6799	Female	40	FR	Student	167	81	0.53	Mobile	0	1	0
6800	Male	26	FR	Free	35	18	0.23	Web	41	0	0
6801	Female	42	FR	Student	73	32	0.25	Desktop	0	1	1
6802	Male	33	UK	Premium	54	44	0.5	Web	0	1	0
6803	Other	59	AU	Premium	106	37	0.53	Mobile	0	1	0
6804	Male	41	CA	Family	140	82	0.43	Mobile	0	1	1
6805	Other	31	CA	Family	200	24	0.15	Desktop	0	1	0
6806	Male	31	IN	Family	274	36	0.13	Desktop	0	1	0
6807	Male	43	IN	Premium	75	43	0.57	Desktop	0	1	1
6808	Female	51	PK	Premium	166	77	0.29	Web	0	1	0
6809	Female	45	AU	Premium	203	88	0.33	Mobile	0	1	0
6810	Female	35	PK	Family	18	35	0.19	Desktop	0	1	0
6811	Female	17	AU	Family	127	75	0.09	Mobile	0	1	1
6812	Male	32	FR	Student	198	5	0.21	Mobile	0	1	0
6813	Other	21	PK	Premium	265	68	0.57	Desktop	0	1	0
6814	Male	37	UK	Student	119	57	0.1	Web	0	1	0
6815	Female	25	AU	Student	55	93	0.58	Mobile	0	1	0
6816	Other	56	FR	Free	298	74	0.41	Web	12	0	0
6817	Other	37	PK	Premium	189	30	0.53	Mobile	0	1	1
6818	Male	31	CA	Free	139	65	0.56	Mobile	9	0	0
6819	Other	23	US	Student	167	91	0.22	Mobile	0	1	1
6820	Other	31	US	Free	19	27	0.53	Mobile	16	0	0
6821	Male	58	AU	Student	298	82	0.36	Desktop	0	1	0
6822	Other	43	UK	Premium	54	36	0.3	Desktop	0	1	0
6823	Male	17	AU	Free	89	15	0.19	Mobile	40	0	1
6824	Female	33	IN	Premium	57	16	0.08	Web	0	1	0
6825	Other	32	UK	Family	105	17	0.17	Web	0	1	0
6826	Female	19	FR	Premium	85	65	0.01	Desktop	0	1	0
6827	Female	47	AU	Premium	144	6	0.46	Mobile	0	1	1
6828	Male	44	AU	Free	24	95	0.15	Mobile	7	0	0
6829	Other	33	CA	Student	287	53	0.02	Mobile	0	1	0
6830	Other	34	UK	Student	32	36	0.48	Desktop	0	1	0
6831	Male	19	CA	Premium	286	26	0.08	Desktop	0	1	0
6832	Female	47	CA	Family	54	53	0.19	Desktop	0	1	0
6833	Male	40	FR	Student	14	51	0.04	Mobile	0	1	1
6834	Male	59	FR	Premium	195	67	0.57	Desktop	0	1	0
6835	Female	44	AU	Family	274	49	0.43	Desktop	0	1	0
6836	Other	41	US	Student	232	94	0.16	Desktop	0	1	0
6837	Other	19	UK	Free	102	34	0.36	Desktop	43	0	0
6838	Male	47	CA	Premium	123	42	0.54	Mobile	0	1	1
6839	Female	34	US	Free	171	94	0.03	Web	24	0	0
6840	Other	57	IN	Family	223	19	0.46	Mobile	0	1	0
6841	Other	42	IN	Student	158	21	0.1	Mobile	0	1	1
6842	Female	24	FR	Free	161	62	0.2	Desktop	26	0	0
6843	Female	40	PK	Premium	43	32	0.02	Web	0	1	1
6844	Male	58	PK	Premium	35	4	0.25	Mobile	0	1	0
6845	Female	29	CA	Premium	66	30	0.08	Mobile	0	1	0
6846	Other	23	PK	Premium	115	13	0.16	Mobile	0	1	0
6847	Female	46	AU	Premium	152	88	0.02	Desktop	0	1	0
6848	Female	44	DE	Family	44	86	0.56	Mobile	0	1	1
6849	Other	55	IN	Family	63	11	0.24	Desktop	0	1	1
6850	Other	55	IN	Student	220	35	0.31	Desktop	0	1	0
6851	Male	47	PK	Free	32	52	0.33	Desktop	48	0	0
6852	Female	24	IN	Free	170	23	0.37	Desktop	23	0	0
6853	Female	38	FR	Family	10	10	0.56	Web	0	1	0
6854	Other	48	AU	Free	172	63	0.41	Mobile	33	0	0
6855	Male	47	FR	Free	192	11	0.42	Mobile	44	0	0
6856	Other	46	US	Premium	13	68	0.58	Web	0	1	0
6857	Other	35	US	Free	234	79	0.44	Desktop	9	0	0
6858	Other	17	US	Free	222	92	0.57	Web	16	0	1
6859	Other	52	FR	Family	223	47	0.18	Desktop	0	1	0
6860	Female	41	FR	Free	40	44	0.39	Web	43	0	0
6861	Male	23	IN	Family	242	14	0.24	Mobile	0	1	0
6862	Male	25	UK	Premium	265	36	0.21	Mobile	0	1	0
6863	Female	27	AU	Family	225	48	0.19	Web	0	1	0
6864	Other	25	IN	Family	67	22	0.09	Mobile	0	1	1
6865	Female	50	PK	Family	30	84	0.41	Mobile	0	1	1
6866	Other	52	FR	Premium	100	3	0.53	Desktop	0	1	0
6867	Male	20	PK	Family	148	49	0.04	Web	0	1	0
6868	Male	52	PK	Student	138	45	0.59	Desktop	0	1	0
6869	Female	21	AU	Student	297	40	0.23	Web	0	1	0
6870	Other	50	UK	Student	177	53	0.22	Desktop	0	1	0
6871	Male	48	DE	Premium	202	63	0.54	Desktop	0	1	0
6872	Other	48	IN	Premium	134	91	0.14	Desktop	0	1	0
6873	Male	39	AU	Student	240	73	0.39	Web	0	1	0
6874	Other	33	IN	Student	71	73	0.21	Desktop	0	1	0
6875	Male	43	IN	Premium	152	76	0.55	Web	0	1	0
6876	Female	52	DE	Student	107	89	0.06	Web	0	1	0
6877	Other	52	US	Student	102	36	0.45	Mobile	0	1	0
6878	Male	26	PK	Free	14	45	0.31	Desktop	29	0	1
6879	Male	53	PK	Free	213	87	0.6	Web	20	0	0
6880	Other	21	US	Free	141	4	0.27	Desktop	37	0	1
6881	Male	18	UK	Student	132	92	0.19	Web	0	1	0
6882	Female	56	US	Free	227	83	0.44	Web	7	0	0
6883	Male	57	AU	Family	284	52	0.35	Web	0	1	0
6884	Other	22	CA	Student	48	10	0.36	Mobile	0	1	0
6885	Other	54	DE	Free	271	33	0.58	Desktop	8	0	0
6886	Female	38	FR	Student	53	82	0.28	Desktop	0	1	0
6887	Female	35	IN	Premium	16	16	0.09	Desktop	0	1	0
6888	Male	46	PK	Student	283	90	0.15	Web	0	1	0
6889	Male	48	UK	Free	94	10	0.18	Mobile	9	0	0
6890	Female	51	DE	Student	279	93	0.32	Desktop	0	1	0
6891	Female	48	CA	Free	120	78	0.54	Mobile	41	0	1
6892	Male	55	DE	Student	55	1	0.09	Web	0	1	0
6893	Male	57	IN	Premium	244	36	0.26	Desktop	0	1	0
6894	Other	26	FR	Student	199	71	0.25	Desktop	0	1	1
6895	Male	44	PK	Free	67	80	0.07	Desktop	35	0	0
6896	Male	20	CA	Family	288	37	0.01	Mobile	0	1	0
6897	Male	42	PK	Premium	92	13	0.09	Mobile	0	1	0
6898	Other	23	PK	Premium	160	50	0.2	Web	0	1	0
6899	Male	50	CA	Student	138	11	0.24	Web	0	1	0
6900	Female	54	AU	Family	16	14	0.59	Mobile	0	1	0
6901	Female	18	FR	Free	39	38	0.25	Desktop	41	0	1
6902	Female	51	US	Free	214	26	0.24	Web	47	0	0
6903	Other	34	CA	Free	138	36	0.32	Desktop	9	0	0
6904	Female	43	DE	Student	30	38	0.18	Web	0	1	0
6905	Female	30	UK	Premium	187	56	0.31	Mobile	0	1	0
6906	Other	57	DE	Student	214	30	0.17	Desktop	0	1	1
6907	Female	59	US	Premium	238	95	0.12	Desktop	0	1	1
6908	Male	50	DE	Student	177	15	0.3	Desktop	0	1	1
6909	Female	58	US	Student	124	4	0.46	Web	0	1	1
6910	Male	21	FR	Free	126	31	0.46	Desktop	15	0	1
6911	Female	28	IN	Premium	115	46	0.56	Desktop	0	1	0
6912	Male	52	IN	Free	191	39	0.19	Web	7	0	0
6913	Female	27	IN	Premium	264	84	0.4	Web	0	1	0
6914	Other	27	CA	Family	83	68	0.21	Web	0	1	1
6915	Male	40	IN	Free	151	96	0.42	Web	18	0	0
6916	Male	37	FR	Student	147	72	0.05	Desktop	0	1	1
6917	Male	22	CA	Premium	131	10	0.12	Mobile	0	1	0
6918	Other	32	AU	Student	91	31	0.32	Web	0	1	0
6919	Male	33	FR	Student	62	14	0.04	Web	0	1	0
6920	Male	47	US	Student	287	69	0.22	Desktop	0	1	0
6921	Female	30	CA	Student	44	30	0.58	Web	0	1	1
6922	Female	52	US	Free	239	59	0.05	Web	8	0	0
6923	Female	41	US	Premium	132	4	0.35	Mobile	0	1	0
6924	Female	40	PK	Student	211	43	0.17	Mobile	0	1	1
6925	Male	58	FR	Free	44	30	0.59	Desktop	18	0	0
6926	Other	41	AU	Student	207	40	0.37	Desktop	0	1	0
6927	Female	52	DE	Premium	99	5	0.19	Desktop	0	1	0
6928	Other	37	DE	Premium	292	15	0.48	Mobile	0	1	0
6929	Male	21	PK	Student	156	55	0.34	Desktop	0	1	0
6930	Male	40	CA	Free	26	81	0.45	Desktop	7	0	1
6931	Female	25	IN	Free	139	49	0.5	Desktop	14	0	0
6932	Female	35	CA	Premium	267	30	0.59	Desktop	0	1	0
6933	Male	51	UK	Premium	174	58	0.15	Web	0	1	0
6934	Other	52	UK	Student	135	10	0.47	Desktop	0	1	1
6935	Male	18	UK	Student	195	99	0.3	Desktop	0	1	1
6936	Female	32	PK	Student	242	9	0.43	Mobile	0	1	0
6937	Female	56	FR	Free	149	6	0.48	Web	39	0	0
6938	Other	16	IN	Family	220	4	0.6	Desktop	0	1	1
6939	Female	38	PK	Premium	55	75	0.12	Web	0	1	0
6940	Female	20	FR	Student	179	67	0.49	Web	0	1	1
6941	Male	20	DE	Free	142	95	0.6	Web	29	0	1
6942	Female	41	IN	Free	119	91	0.14	Mobile	41	0	1
6943	Male	54	CA	Student	77	8	0.44	Mobile	0	1	0
6944	Male	26	DE	Family	241	54	0.35	Desktop	0	1	0
6945	Other	22	DE	Family	112	29	0.29	Mobile	0	1	1
6946	Male	34	CA	Free	140	43	0.35	Web	18	0	1
6947	Other	28	FR	Student	187	16	0.21	Web	0	1	0
6948	Other	57	CA	Free	118	65	0.52	Desktop	22	0	0
6949	Male	57	PK	Student	33	63	0.18	Desktop	0	1	0
6950	Other	59	AU	Family	279	25	0.35	Web	0	1	1
6951	Other	34	DE	Student	11	57	0.52	Mobile	0	1	0
6952	Other	31	CA	Student	241	27	0.08	Web	0	1	0
6953	Female	30	UK	Free	28	86	0.26	Desktop	42	0	1
6954	Other	36	AU	Family	86	85	0.46	Web	0	1	0
6955	Female	21	IN	Family	170	5	0.48	Desktop	0	1	0
6956	Other	19	US	Free	270	35	0.2	Mobile	22	0	0
6957	Female	57	UK	Free	234	32	0.14	Web	44	0	0
6958	Female	17	IN	Student	266	52	0.41	Desktop	0	1	0
6959	Other	43	US	Student	75	72	0.57	Mobile	0	1	0
6960	Female	41	IN	Family	259	50	0.07	Web	0	1	0
6961	Male	46	PK	Family	270	14	0.05	Mobile	0	1	1
6962	Other	44	DE	Family	173	36	0.52	Web	0	1	0
6963	Other	39	US	Family	240	59	0.22	Desktop	0	1	0
6964	Other	39	PK	Free	36	9	0.58	Desktop	25	0	0
6965	Other	50	IN	Premium	26	68	0.09	Mobile	0	1	0
6966	Male	27	AU	Premium	247	13	0.34	Desktop	0	1	0
6967	Male	35	FR	Student	214	83	0.45	Desktop	0	1	1
6968	Male	54	UK	Family	11	40	0.52	Web	0	1	0
6969	Male	59	CA	Free	254	60	0.25	Mobile	41	0	0
6970	Other	25	DE	Free	292	87	0.04	Web	44	0	0
6971	Female	26	FR	Premium	213	78	0.14	Web	0	1	0
6972	Other	49	IN	Student	137	75	0.5	Desktop	0	1	1
6973	Female	49	PK	Family	238	63	0.57	Mobile	0	1	0
6974	Female	49	IN	Premium	174	59	0.37	Desktop	0	1	1
6975	Female	36	IN	Free	278	67	0.46	Desktop	22	0	0
6976	Male	45	US	Family	162	28	0.23	Web	0	1	0
6977	Other	27	AU	Family	217	95	0.34	Web	0	1	0
6978	Other	39	FR	Student	264	21	0.14	Mobile	0	1	1
6979	Other	25	US	Free	79	16	0.55	Desktop	32	0	0
6980	Female	40	CA	Premium	23	7	0.49	Mobile	0	1	0
6981	Male	44	UK	Premium	262	43	0.31	Desktop	0	1	0
6982	Male	29	CA	Family	191	43	0.11	Desktop	0	1	0
6983	Other	48	FR	Student	88	31	0.05	Desktop	0	1	0
6984	Male	41	PK	Premium	204	65	0.44	Desktop	0	1	0
6985	Other	30	IN	Family	92	37	0.39	Web	0	1	0
6986	Male	35	FR	Free	61	86	0.52	Web	19	0	0
6987	Female	28	AU	Free	269	4	0.39	Web	29	0	0
6988	Other	36	PK	Free	298	51	0.57	Web	39	0	1
6989	Other	57	PK	Premium	291	96	0.06	Mobile	0	1	0
6990	Other	41	FR	Family	59	20	0.12	Desktop	0	1	1
6991	Male	23	CA	Family	288	25	0.2	Mobile	0	1	0
6992	Male	37	PK	Free	255	39	0.23	Mobile	49	0	0
6993	Male	50	CA	Free	80	76	0.39	Mobile	47	0	1
6994	Other	54	PK	Student	199	17	0.37	Web	0	1	0
6995	Other	53	UK	Student	11	92	0.49	Web	0	1	0
6996	Female	16	US	Premium	93	19	0.26	Desktop	0	1	0
6997	Female	58	US	Premium	122	61	0.2	Mobile	0	1	1
6998	Other	51	AU	Free	220	70	0.34	Web	44	0	0
6999	Male	16	US	Student	49	47	0.38	Web	0	1	0
7000	Male	37	UK	Free	100	89	0.11	Web	13	0	0
7001	Female	49	UK	Student	57	47	0.15	Desktop	0	1	0
7002	Other	31	IN	Free	148	93	0.55	Desktop	8	0	0
7003	Other	33	AU	Family	244	54	0.43	Web	0	1	0
7004	Other	37	PK	Premium	116	65	0.3	Mobile	0	1	0
7005	Other	31	IN	Premium	186	18	0.27	Web	0	1	0
7006	Male	17	CA	Premium	222	47	0.21	Desktop	0	1	1
7007	Male	16	US	Student	174	41	0.46	Web	0	1	0
7008	Other	24	PK	Family	276	90	0.17	Mobile	0	1	1
7009	Female	22	PK	Free	110	61	0.51	Mobile	38	0	1
7010	Male	31	FR	Premium	282	3	0.57	Desktop	0	1	0
7011	Other	51	AU	Family	251	77	0.53	Mobile	0	1	0
7012	Female	53	IN	Student	128	90	0.3	Mobile	0	1	0
7013	Other	41	AU	Family	95	96	0.01	Web	0	1	0
7014	Male	50	PK	Premium	210	26	0.01	Web	0	1	1
7015	Female	31	IN	Free	252	13	0.01	Web	17	0	0
7016	Female	26	DE	Free	169	6	0.32	Web	26	0	0
7017	Male	18	CA	Premium	55	85	0.53	Mobile	0	1	0
7018	Female	48	DE	Premium	62	31	0.59	Mobile	0	1	1
7019	Female	29	PK	Student	52	1	0.36	Desktop	0	1	0
7020	Other	34	DE	Premium	77	73	0.03	Mobile	0	1	0
7021	Other	20	DE	Family	285	32	0.57	Web	0	1	0
7022	Male	55	IN	Premium	295	27	0.39	Mobile	0	1	0
7023	Other	54	PK	Family	268	46	0.01	Web	0	1	1
7024	Other	22	FR	Free	154	21	0.1	Mobile	41	0	1
7025	Other	47	DE	Free	72	69	0.49	Mobile	27	0	0
7026	Male	37	IN	Premium	25	53	0.4	Desktop	0	1	0
7027	Male	44	CA	Family	59	10	0.2	Web	0	1	0
7028	Other	46	IN	Family	262	74	0.16	Mobile	0	1	0
7029	Other	57	US	Family	59	10	0.31	Mobile	0	1	0
7030	Male	41	IN	Family	27	76	0.15	Mobile	0	1	0
7031	Female	48	PK	Student	207	69	0.08	Desktop	0	1	0
7032	Female	59	DE	Family	235	51	0.31	Desktop	0	1	1
7033	Male	31	AU	Family	11	78	0.08	Web	0	1	1
7034	Female	16	DE	Family	220	78	0.22	Mobile	0	1	0
7035	Male	34	CA	Premium	85	31	0.38	Desktop	0	1	0
7036	Other	26	US	Premium	180	86	0.17	Web	0	1	0
7037	Other	30	FR	Premium	46	60	0.03	Web	0	1	0
7038	Female	45	UK	Free	127	90	0.19	Web	42	0	0
7039	Other	36	AU	Premium	74	7	0.17	Desktop	0	1	1
7040	Male	30	US	Family	250	50	0.31	Desktop	0	1	0
7041	Other	23	PK	Student	108	4	0.36	Desktop	0	1	0
7042	Male	51	AU	Student	36	50	0.41	Mobile	0	1	0
7043	Male	19	UK	Premium	95	24	0.43	Web	0	1	0
7044	Female	50	CA	Free	248	13	0.23	Mobile	44	0	0
7045	Other	45	PK	Family	284	23	0.43	Web	0	1	0
7046	Female	34	PK	Student	90	59	0.07	Desktop	0	1	0
7047	Male	16	US	Student	51	49	0.12	Mobile	0	1	1
7048	Other	57	IN	Student	264	91	0.28	Web	0	1	0
7049	Female	39	FR	Premium	136	41	0.04	Mobile	0	1	1
7050	Female	23	PK	Family	239	65	0.37	Web	0	1	1
7051	Male	35	FR	Premium	12	60	0.29	Mobile	0	1	1
7052	Other	28	UK	Student	155	93	0.38	Mobile	0	1	0
7053	Female	29	DE	Free	234	3	0.53	Mobile	31	0	0
7054	Male	37	CA	Free	287	82	0.32	Web	35	0	0
7055	Male	24	IN	Family	41	94	0.3	Desktop	0	1	0
7056	Other	46	FR	Premium	201	37	0.34	Mobile	0	1	0
7057	Female	29	IN	Premium	261	92	0.44	Desktop	0	1	1
7058	Male	24	US	Student	205	29	0.47	Web	0	1	0
7059	Female	29	CA	Premium	280	45	0.05	Web	0	1	1
7060	Other	22	PK	Premium	178	97	0.28	Desktop	0	1	1
7061	Male	36	UK	Free	44	12	0.36	Web	35	0	0
7062	Male	27	IN	Family	234	22	0.17	Web	0	1	0
7063	Male	38	IN	Premium	283	65	0.33	Desktop	0	1	1
7064	Female	51	PK	Free	273	69	0.24	Desktop	16	0	0
7065	Male	58	US	Premium	269	23	0.05	Web	0	1	0
7066	Other	36	FR	Premium	202	48	0.57	Desktop	0	1	0
7067	Female	54	FR	Premium	159	73	0.11	Mobile	0	1	1
7068	Male	25	AU	Free	69	95	0.26	Web	41	0	1
7069	Other	30	FR	Student	283	95	0.12	Desktop	0	1	0
7070	Other	47	US	Free	100	20	0.46	Web	6	0	1
7071	Other	58	US	Premium	170	70	0.05	Mobile	0	1	0
7072	Female	43	PK	Family	293	94	0.54	Web	0	1	0
7073	Other	17	PK	Family	282	90	0.2	Desktop	0	1	0
7074	Other	43	DE	Free	62	81	0.22	Desktop	18	0	0
7075	Male	25	DE	Premium	64	82	0.33	Web	0	1	0
7076	Other	19	FR	Student	108	88	0.19	Desktop	0	1	0
7077	Male	22	AU	Free	202	34	0.19	Web	37	0	0
7078	Female	23	CA	Premium	137	67	0.35	Desktop	0	1	0
7079	Other	21	DE	Student	199	48	0.24	Mobile	0	1	0
7080	Female	42	IN	Student	109	20	0.5	Mobile	0	1	0
7081	Female	52	DE	Student	180	42	0.45	Desktop	0	1	1
7082	Other	28	FR	Student	139	26	0.49	Web	0	1	0
7083	Other	49	FR	Student	215	5	0.12	Desktop	0	1	0
7084	Female	30	US	Student	250	1	0.35	Mobile	0	1	1
7085	Female	45	CA	Free	186	7	0.41	Desktop	27	0	0
7086	Male	30	FR	Premium	80	30	0.39	Desktop	0	1	0
7087	Other	43	US	Family	56	90	0.06	Mobile	0	1	1
7088	Male	21	FR	Free	193	99	0.54	Web	48	0	0
7089	Other	53	CA	Student	208	25	0.31	Desktop	0	1	1
7090	Other	41	PK	Family	74	36	0.26	Desktop	0	1	0
7091	Female	33	UK	Free	232	98	0.13	Desktop	30	0	1
7092	Male	53	CA	Family	137	48	0.34	Desktop	0	1	0
7093	Male	37	CA	Premium	140	70	0.59	Mobile	0	1	0
7094	Male	42	UK	Free	19	8	0.08	Web	22	0	0
7095	Female	54	IN	Premium	205	94	0.09	Web	0	1	0
7096	Other	36	US	Student	181	9	0.59	Mobile	0	1	0
7097	Male	46	UK	Student	261	14	0.47	Web	0	1	1
7098	Female	23	PK	Free	224	71	0.16	Web	33	0	1
7099	Other	31	IN	Free	73	85	0.22	Desktop	27	0	1
7100	Male	47	FR	Premium	18	69	0.23	Web	0	1	1
7101	Male	57	DE	Family	68	21	0.44	Mobile	0	1	1
7102	Female	40	US	Family	97	97	0.23	Web	0	1	1
7103	Other	39	DE	Family	177	69	0.44	Desktop	0	1	0
7104	Male	26	US	Premium	246	52	0.47	Desktop	0	1	0
7105	Male	26	DE	Premium	170	47	0.36	Web	0	1	1
7106	Female	18	IN	Family	197	69	0.4	Web	0	1	0
7107	Male	29	UK	Premium	47	79	0.5	Desktop	0	1	0
7108	Female	54	US	Student	277	58	0.6	Desktop	0	1	0
7109	Male	55	UK	Premium	33	64	0.05	Web	0	1	0
7110	Female	52	CA	Family	129	94	0.46	Web	0	1	0
7111	Male	27	DE	Free	217	83	0.5	Desktop	49	0	0
7112	Female	54	US	Family	219	28	0.34	Web	0	1	1
7113	Other	17	AU	Student	14	52	0.47	Web	0	1	1
7114	Male	54	PK	Family	31	33	0.2	Web	0	1	0
7115	Female	40	PK	Family	105	35	0.32	Desktop	0	1	1
7116	Female	52	US	Free	114	92	0.03	Web	19	0	0
7117	Other	48	DE	Student	55	98	0.13	Mobile	0	1	0
7118	Female	18	CA	Student	280	78	0.25	Mobile	0	1	0
7119	Other	18	PK	Free	238	88	0.22	Mobile	42	0	0
7120	Male	22	PK	Premium	36	8	0.35	Web	0	1	0
7121	Other	38	AU	Student	78	50	0.15	Mobile	0	1	1
7122	Female	58	AU	Family	245	79	0.29	Desktop	0	1	0
7123	Male	23	AU	Premium	85	96	0.12	Mobile	0	1	0
7124	Male	29	PK	Free	90	75	0.52	Web	16	0	0
7125	Male	29	CA	Family	215	6	0.13	Web	0	1	0
7126	Female	56	US	Student	63	83	0.47	Web	0	1	0
7127	Other	58	FR	Student	185	68	0.58	Web	0	1	0
7128	Other	57	PK	Student	160	47	0.27	Mobile	0	1	1
7129	Male	47	CA	Premium	151	36	0.59	Web	0	1	0
7130	Other	37	UK	Free	275	95	0.31	Web	47	0	0
7131	Male	27	IN	Student	31	45	0.18	Mobile	0	1	0
7132	Male	41	DE	Family	170	18	0.55	Web	0	1	0
7133	Male	46	US	Student	72	33	0.48	Mobile	0	1	1
7134	Other	47	AU	Premium	277	13	0.49	Desktop	0	1	0
7135	Female	38	UK	Student	194	98	0.24	Web	0	1	0
7136	Female	52	DE	Family	276	71	0.02	Desktop	0	1	1
7137	Female	50	US	Family	233	11	0.13	Web	0	1	0
7138	Other	45	PK	Student	75	43	0.41	Desktop	0	1	0
7139	Female	56	US	Family	75	62	0.3	Web	0	1	0
7140	Male	30	UK	Student	21	62	0.09	Mobile	0	1	0
7141	Male	37	AU	Student	171	77	0.5	Mobile	0	1	0
7142	Male	23	IN	Free	204	36	0.07	Web	35	0	0
7143	Other	59	IN	Student	136	36	0.21	Desktop	0	1	1
7144	Other	24	DE	Free	42	28	0.6	Web	5	0	0
7145	Other	40	FR	Free	294	35	0.22	Web	17	0	0
7146	Other	54	FR	Family	125	56	0.05	Web	0	1	0
7147	Male	54	AU	Free	184	45	0.38	Mobile	39	0	0
7148	Male	41	US	Premium	210	34	0.04	Web	0	1	0
7149	Female	58	AU	Student	239	93	0.05	Desktop	0	1	1
7150	Female	40	DE	Student	220	86	0.42	Web	0	1	1
7151	Other	45	FR	Premium	57	62	0.01	Web	0	1	0
7152	Male	31	IN	Free	79	40	0.18	Web	23	0	1
7153	Other	55	PK	Premium	41	62	0.35	Desktop	0	1	0
7154	Other	43	DE	Student	127	36	0.4	Desktop	0	1	0
7155	Male	35	CA	Student	64	64	0.37	Desktop	0	1	1
7156	Male	36	UK	Family	34	50	0.54	Mobile	0	1	0
7157	Other	42	PK	Family	235	68	0.07	Web	0	1	0
7158	Other	46	PK	Family	297	88	0.14	Mobile	0	1	0
7159	Other	40	PK	Free	20	40	0.1	Desktop	45	0	0
7160	Female	43	PK	Free	54	64	0.01	Mobile	37	0	0
7161	Female	46	AU	Free	222	48	0.58	Mobile	42	0	0
7162	Female	39	DE	Family	297	33	0.4	Web	0	1	0
7163	Other	17	US	Family	115	72	0.5	Desktop	0	1	1
7164	Male	40	IN	Free	284	99	0	Desktop	7	0	0
7165	Other	29	FR	Premium	255	99	0.25	Web	0	1	1
7166	Other	23	DE	Family	112	53	0.6	Desktop	0	1	0
7167	Male	52	UK	Family	228	82	0.43	Mobile	0	1	0
7168	Male	56	AU	Premium	175	87	0	Mobile	0	1	0
7169	Male	54	UK	Student	176	59	0.44	Desktop	0	1	0
7170	Female	53	IN	Premium	39	30	0.56	Mobile	0	1	0
7171	Male	34	PK	Free	30	54	0.38	Mobile	41	0	0
7172	Male	44	PK	Family	110	96	0.31	Desktop	0	1	0
7173	Other	16	PK	Free	212	3	0.23	Desktop	16	0	0
7174	Other	47	US	Family	137	30	0.29	Web	0	1	1
7175	Other	39	US	Family	270	80	0.59	Desktop	0	1	0
7176	Male	51	IN	Free	24	37	0.11	Web	12	0	0
7177	Female	59	PK	Premium	26	37	0.27	Desktop	0	1	1
7178	Other	18	IN	Premium	137	36	0.43	Mobile	0	1	0
7179	Male	56	UK	Free	28	15	0.17	Web	18	0	0
7180	Female	52	CA	Family	21	72	0.55	Mobile	0	1	0
7181	Female	27	UK	Student	145	70	0.37	Desktop	0	1	1
7182	Other	37	CA	Family	283	74	0.13	Desktop	0	1	1
7183	Other	27	IN	Family	107	21	0.47	Mobile	0	1	1
7184	Female	33	US	Free	277	49	0.39	Mobile	29	0	0
7185	Other	49	PK	Premium	43	24	0.48	Mobile	0	1	0
7186	Female	45	US	Student	233	78	0.15	Web	0	1	1
7187	Other	32	IN	Student	11	66	0.5	Mobile	0	1	0
7188	Other	40	UK	Student	193	70	0.11	Desktop	0	1	0
7189	Other	26	DE	Premium	204	60	0.56	Desktop	0	1	0
7190	Other	20	PK	Free	96	56	0.08	Mobile	45	0	1
7191	Male	59	PK	Premium	79	70	0.34	Web	0	1	0
7192	Male	24	FR	Student	253	74	0.07	Desktop	0	1	0
7193	Male	52	UK	Student	194	75	0.42	Mobile	0	1	0
7194	Other	39	FR	Premium	50	89	0.55	Desktop	0	1	1
7195	Female	32	AU	Student	112	91	0.28	Mobile	0	1	0
7196	Male	57	PK	Family	33	53	0.53	Desktop	0	1	0
7197	Other	23	UK	Free	105	84	0.36	Desktop	30	0	0
7198	Female	37	DE	Family	143	87	0.23	Web	0	1	1
7199	Female	52	PK	Free	167	59	0.31	Web	12	0	1
7200	Other	18	DE	Family	238	28	0.31	Web	0	1	1
7201	Male	37	US	Free	255	9	0.56	Mobile	12	0	1
7202	Female	39	PK	Student	282	97	0.03	Desktop	0	1	0
7203	Male	45	UK	Family	275	58	0.44	Web	0	1	1
7204	Other	51	DE	Premium	217	44	0.06	Mobile	0	1	0
7205	Male	19	CA	Family	228	99	0.55	Desktop	0	1	1
7206	Male	34	UK	Student	143	99	0.43	Web	0	1	0
7207	Female	21	DE	Student	259	80	0.35	Web	0	1	0
7208	Other	38	AU	Family	224	81	0.21	Mobile	0	1	0
7209	Female	40	US	Premium	101	88	0.06	Mobile	0	1	0
7210	Male	26	DE	Premium	85	46	0.09	Mobile	0	1	0
7211	Other	43	IN	Premium	207	67	0.09	Mobile	0	1	1
7212	Male	18	DE	Premium	279	45	0.4	Mobile	0	1	0
7213	Other	54	AU	Free	133	99	0.17	Desktop	24	0	0
7214	Other	51	IN	Premium	66	47	0.04	Desktop	0	1	0
7215	Male	54	UK	Family	104	45	0.31	Web	0	1	0
7216	Female	49	AU	Student	208	62	0.51	Desktop	0	1	0
7217	Male	16	FR	Free	111	78	0.24	Mobile	12	0	0
7218	Female	44	FR	Free	273	46	0.31	Web	38	0	0
7219	Other	37	AU	Free	254	10	0.37	Mobile	31	0	0
7220	Male	28	UK	Student	243	67	0.02	Mobile	0	1	0
7221	Other	50	FR	Premium	197	28	0.32	Web	0	1	0
7222	Male	22	PK	Family	107	81	0.51	Desktop	0	1	0
7223	Female	56	CA	Student	41	65	0.01	Mobile	0	1	0
7224	Other	28	DE	Student	209	73	0.38	Desktop	0	1	0
7225	Female	52	FR	Premium	105	9	0.41	Mobile	0	1	0
7226	Other	53	IN	Student	65	26	0.33	Mobile	0	1	0
7227	Male	32	FR	Family	246	25	0.24	Web	0	1	1
7228	Male	22	AU	Family	184	50	0.09	Mobile	0	1	0
7229	Male	16	US	Premium	94	2	0.56	Web	0	1	1
7230	Female	51	US	Family	152	17	0.55	Desktop	0	1	1
7231	Female	37	AU	Free	59	44	0.33	Mobile	33	0	1
7232	Other	16	CA	Student	118	68	0.44	Web	0	1	0
7233	Other	21	IN	Family	125	29	0.08	Web	0	1	0
7234	Male	18	DE	Family	214	58	0.55	Web	0	1	0
7235	Other	45	CA	Free	106	62	0.52	Web	41	0	1
7236	Other	54	DE	Free	163	68	0.24	Desktop	47	0	1
7237	Male	38	UK	Student	244	46	0.1	Desktop	0	1	0
7238	Other	57	CA	Family	107	32	0.14	Desktop	0	1	1
7239	Male	50	DE	Free	95	6	0.34	Web	14	0	0
7240	Other	52	AU	Student	258	49	0.51	Mobile	0	1	0
7241	Male	18	DE	Student	268	21	0.36	Web	0	1	1
7242	Male	57	FR	Premium	138	3	0.42	Mobile	0	1	0
7243	Male	35	PK	Premium	216	36	0.43	Web	0	1	0
7244	Male	25	FR	Student	56	30	0.53	Web	0	1	0
7245	Female	34	US	Student	244	68	0.6	Desktop	0	1	1
7246	Male	36	UK	Family	214	15	0.57	Desktop	0	1	0
7247	Female	42	PK	Family	134	35	0.58	Web	0	1	0
7248	Female	20	PK	Family	226	11	0.06	Web	0	1	0
7249	Male	46	US	Premium	15	38	0.13	Desktop	0	1	0
7250	Other	27	UK	Free	20	87	0.59	Web	25	0	0
7251	Female	54	CA	Premium	266	60	0.16	Web	0	1	0
7252	Male	49	IN	Family	42	41	0.19	Desktop	0	1	0
7253	Male	55	US	Free	23	64	0.01	Web	26	0	0
7254	Other	29	UK	Premium	223	52	0.28	Mobile	0	1	0
7255	Female	46	IN	Student	35	20	0.36	Web	0	1	0
7256	Other	43	CA	Family	84	96	0.08	Mobile	0	1	1
7257	Other	32	AU	Family	212	74	0.12	Desktop	0	1	1
7258	Other	56	PK	Student	289	99	0.38	Desktop	0	1	1
7259	Female	32	DE	Premium	88	75	0.54	Mobile	0	1	1
7260	Male	41	PK	Premium	14	27	0.11	Web	0	1	0
7261	Female	51	US	Premium	57	13	0.34	Desktop	0	1	0
7262	Male	46	IN	Free	21	24	0.17	Desktop	35	0	0
7263	Female	24	DE	Student	241	65	0.59	Desktop	0	1	0
7264	Female	42	UK	Premium	199	62	0.56	Desktop	0	1	0
7265	Male	50	CA	Student	272	62	0.58	Desktop	0	1	0
7266	Other	41	US	Family	82	93	0.13	Web	0	1	0
7267	Female	40	IN	Student	131	64	0.41	Mobile	0	1	1
7268	Male	44	PK	Family	146	20	0.08	Mobile	0	1	1
7269	Other	58	UK	Student	77	20	0.25	Mobile	0	1	0
7270	Male	56	PK	Free	226	8	0.2	Desktop	15	0	0
7271	Other	52	CA	Student	10	5	0.05	Mobile	0	1	0
7272	Other	54	UK	Free	90	19	0.19	Mobile	45	0	1
7273	Male	44	DE	Family	269	17	0.35	Mobile	0	1	0
7274	Other	56	FR	Family	165	56	0.5	Desktop	0	1	0
7275	Male	40	CA	Student	22	44	0.56	Web	0	1	0
7276	Female	22	IN	Premium	107	36	0.3	Desktop	0	1	0
7277	Female	49	AU	Premium	175	73	0.01	Desktop	0	1	0
7278	Female	33	AU	Family	45	11	0.15	Web	0	1	0
7279	Female	19	UK	Free	55	24	0.41	Web	39	0	0
7280	Female	35	PK	Family	167	30	0.55	Desktop	0	1	0
7281	Male	36	PK	Family	40	65	0.42	Mobile	0	1	0
7282	Male	47	CA	Free	136	37	0.31	Web	42	0	0
7283	Female	37	DE	Premium	255	11	0.06	Mobile	0	1	0
7284	Other	34	AU	Free	173	96	0.32	Desktop	28	0	0
7285	Female	53	UK	Free	182	70	0.26	Mobile	21	0	0
7286	Female	48	UK	Premium	80	53	0.05	Mobile	0	1	0
7287	Male	23	UK	Premium	279	35	0.08	Mobile	0	1	0
7288	Female	39	US	Premium	59	73	0.27	Desktop	0	1	0
7289	Other	56	US	Family	235	28	0.13	Desktop	0	1	0
7290	Other	20	CA	Family	96	85	0.34	Desktop	0	1	0
7291	Female	51	FR	Free	251	60	0.1	Mobile	8	0	0
7292	Male	52	US	Premium	122	35	0.24	Desktop	0	1	1
7293	Female	33	DE	Family	32	13	0.51	Web	0	1	0
7294	Female	22	PK	Free	63	26	0.17	Mobile	9	0	0
7295	Female	29	AU	Free	127	70	0.51	Mobile	12	0	0
7296	Male	29	UK	Premium	218	70	0.35	Mobile	0	1	0
7297	Other	51	DE	Free	13	42	0.23	Mobile	42	0	0
7298	Other	53	FR	Premium	169	56	0.17	Desktop	0	1	0
7299	Other	44	FR	Family	276	97	0.23	Mobile	0	1	1
7300	Female	19	IN	Premium	203	81	0.45	Mobile	0	1	0
7301	Other	52	US	Family	88	57	0.52	Desktop	0	1	0
7302	Other	17	UK	Premium	123	2	0.5	Web	0	1	0
7303	Other	26	FR	Free	48	52	0.45	Mobile	14	0	0
7304	Female	56	US	Family	79	78	0.07	Desktop	0	1	0
7305	Other	23	PK	Student	166	71	0.58	Web	0	1	0
7306	Female	43	DE	Free	212	73	0.57	Web	19	0	1
7307	Other	56	PK	Student	10	34	0.22	Mobile	0	1	1
7308	Other	33	AU	Premium	29	38	0.17	Web	0	1	0
7309	Other	20	IN	Student	166	69	0.25	Desktop	0	1	0
7310	Other	53	UK	Premium	33	76	0.29	Mobile	0	1	0
7311	Female	29	IN	Student	108	52	0.26	Mobile	0	1	0
7312	Other	54	US	Family	51	10	0.3	Mobile	0	1	0
7313	Female	35	DE	Free	259	15	0.29	Web	9	0	0
7314	Female	43	UK	Premium	74	32	0.04	Web	0	1	0
7315	Male	51	PK	Free	272	53	0.26	Web	32	0	1
7316	Male	52	IN	Free	126	23	0.42	Desktop	43	0	0
7317	Male	29	PK	Free	184	38	0.55	Web	10	0	0
7318	Female	39	IN	Free	225	30	0.24	Desktop	47	0	0
7319	Male	25	US	Student	165	49	0.42	Desktop	0	1	1
7320	Female	51	PK	Free	120	21	0.57	Mobile	9	0	0
7321	Male	21	US	Free	135	80	0.03	Desktop	38	0	0
7322	Male	49	PK	Family	170	51	0.07	Desktop	0	1	0
7323	Other	44	PK	Family	201	75	0.15	Mobile	0	1	0
7324	Male	54	FR	Premium	38	22	0.13	Desktop	0	1	0
7325	Female	51	PK	Student	123	33	0.28	Desktop	0	1	0
7326	Other	16	US	Student	148	90	0.53	Web	0	1	0
7327	Male	55	FR	Family	41	65	0.31	Mobile	0	1	1
7328	Male	30	AU	Free	266	81	0.45	Desktop	34	0	0
7329	Male	46	AU	Premium	122	46	0.31	Web	0	1	0
7330	Female	56	AU	Student	44	62	0.37	Web	0	1	1
7331	Other	51	UK	Family	204	35	0.41	Web	0	1	0
7332	Male	37	AU	Family	49	40	0.5	Mobile	0	1	0
7333	Other	49	PK	Student	82	55	0.25	Desktop	0	1	0
7334	Male	39	UK	Premium	271	54	0.55	Desktop	0	1	1
7335	Male	30	UK	Family	186	51	0.58	Mobile	0	1	0
7336	Male	35	US	Family	74	45	0.12	Mobile	0	1	0
7337	Male	19	UK	Free	244	84	0.24	Web	9	0	0
7338	Other	52	PK	Student	118	59	0.36	Desktop	0	1	0
7339	Female	30	IN	Free	211	89	0.23	Mobile	12	0	1
7340	Male	26	AU	Premium	246	37	0.53	Mobile	0	1	0
7341	Male	16	FR	Free	71	91	0.05	Desktop	35	0	0
7342	Male	34	CA	Family	155	32	0.46	Mobile	0	1	0
7343	Other	48	FR	Student	191	75	0.41	Web	0	1	0
7344	Male	25	IN	Student	224	77	0.06	Desktop	0	1	0
7345	Male	32	IN	Student	208	14	0.41	Mobile	0	1	0
7346	Other	45	FR	Premium	234	69	0.44	Mobile	0	1	0
7347	Male	55	DE	Family	280	28	0.2	Desktop	0	1	1
7348	Other	55	IN	Free	106	91	0.49	Mobile	12	0	0
7349	Other	33	PK	Premium	281	87	0.46	Desktop	0	1	1
7350	Male	48	FR	Free	259	21	0.19	Mobile	43	0	0
7351	Other	55	PK	Premium	262	12	0.17	Web	0	1	0
7352	Female	52	AU	Free	274	94	0.26	Desktop	36	0	0
7353	Other	41	AU	Family	172	28	0.56	Desktop	0	1	0
7354	Other	17	UK	Premium	238	73	0.07	Web	0	1	0
7355	Other	30	FR	Premium	145	48	0.59	Desktop	0	1	0
7356	Female	53	UK	Free	244	51	0.07	Web	18	0	0
7357	Other	30	CA	Premium	299	57	0.56	Desktop	0	1	1
7358	Male	33	PK	Student	125	85	0.44	Mobile	0	1	1
7359	Female	38	DE	Student	218	50	0.56	Desktop	0	1	0
7360	Other	44	UK	Student	144	3	0.58	Web	0	1	1
7361	Other	33	DE	Student	269	41	0.12	Desktop	0	1	0
7362	Other	25	AU	Premium	149	18	0.02	Web	0	1	0
7363	Female	32	AU	Premium	210	89	0.06	Mobile	0	1	0
7364	Male	58	FR	Student	100	14	0.34	Desktop	0	1	1
7365	Other	17	FR	Student	166	29	0.51	Mobile	0	1	0
7366	Other	55	IN	Free	156	2	0.33	Mobile	41	0	0
7367	Other	42	US	Family	162	81	0.06	Mobile	0	1	1
7368	Female	59	US	Student	294	5	0.05	Mobile	0	1	1
7369	Female	20	CA	Free	142	96	0.02	Web	41	0	0
7370	Male	29	US	Student	76	77	0.23	Mobile	0	1	1
7371	Other	30	CA	Premium	292	44	0.09	Mobile	0	1	0
7372	Male	38	IN	Family	262	65	0.04	Mobile	0	1	0
7373	Other	36	IN	Premium	73	80	0.15	Mobile	0	1	1
7374	Female	50	IN	Family	153	76	0.14	Web	0	1	0
7375	Male	32	CA	Free	32	65	0.28	Desktop	5	0	0
7376	Female	43	CA	Student	274	30	0.3	Desktop	0	1	0
7377	Male	31	FR	Family	143	41	0.48	Mobile	0	1	1
7378	Other	47	PK	Family	47	59	0.08	Desktop	0	1	1
7379	Female	30	DE	Student	107	1	0.6	Mobile	0	1	0
7380	Other	46	DE	Premium	167	6	0.33	Web	0	1	0
7381	Other	16	AU	Premium	269	57	0.52	Desktop	0	1	0
7382	Female	16	AU	Free	218	31	0.41	Desktop	40	0	0
7383	Female	33	IN	Student	99	6	0.18	Mobile	0	1	0
7384	Other	19	US	Student	128	60	0.59	Desktop	0	1	0
7385	Other	55	US	Premium	172	43	0.3	Mobile	0	1	0
7386	Male	27	IN	Free	202	68	0.43	Web	30	0	1
7387	Other	38	US	Student	108	56	0.51	Desktop	0	1	0
7388	Other	20	FR	Premium	229	28	0.22	Web	0	1	1
7389	Male	22	IN	Family	229	98	0.33	Mobile	0	1	0
7390	Female	53	CA	Premium	35	25	0.33	Desktop	0	1	0
7391	Other	17	UK	Free	48	34	0.48	Mobile	44	0	0
7392	Other	47	AU	Family	172	83	0.07	Mobile	0	1	0
7393	Other	38	DE	Premium	31	20	0.48	Web	0	1	0
7394	Female	51	UK	Family	137	26	0.39	Web	0	1	0
7395	Female	43	AU	Family	45	39	0.08	Mobile	0	1	0
7396	Other	39	CA	Family	14	56	0.04	Mobile	0	1	0
7397	Male	42	US	Free	212	17	0.35	Mobile	45	0	1
7398	Other	36	UK	Student	25	33	0.38	Web	0	1	0
7399	Male	55	UK	Student	243	35	0.28	Mobile	0	1	0
7400	Other	52	US	Premium	29	5	0.57	Web	0	1	1
7401	Male	59	IN	Premium	291	64	0.09	Web	0	1	0
7402	Male	39	IN	Student	95	14	0.56	Web	0	1	0
7403	Other	51	PK	Premium	276	25	0.05	Desktop	0	1	1
7404	Male	30	PK	Premium	235	12	0.46	Web	0	1	0
7405	Other	39	IN	Student	255	66	0.05	Desktop	0	1	0
7406	Male	43	PK	Student	220	39	0.3	Mobile	0	1	0
7407	Female	37	DE	Premium	37	55	0.44	Desktop	0	1	0
7408	Other	41	US	Student	177	85	0.28	Web	0	1	0
7409	Female	42	PK	Premium	190	36	0.21	Mobile	0	1	0
7410	Male	49	US	Premium	242	14	0.4	Mobile	0	1	0
7411	Male	36	FR	Free	55	42	0.27	Web	42	0	0
7412	Other	37	CA	Family	69	47	0.22	Desktop	0	1	0
7413	Female	40	PK	Family	12	25	0.03	Desktop	0	1	0
7414	Female	24	PK	Family	174	94	0.3	Web	0	1	0
7415	Female	36	UK	Premium	75	93	0.59	Mobile	0	1	1
7416	Other	50	FR	Student	293	25	0.59	Web	0	1	1
7417	Female	58	PK	Free	97	30	0.02	Desktop	36	0	1
7418	Other	25	IN	Student	272	31	0.37	Desktop	0	1	0
7419	Male	58	PK	Family	50	51	0.25	Desktop	0	1	0
7420	Other	43	DE	Family	132	25	0.27	Desktop	0	1	0
7421	Female	30	UK	Premium	68	54	0.16	Web	0	1	0
7422	Female	33	IN	Family	27	12	0.04	Web	0	1	1
7423	Other	17	CA	Free	22	97	0.49	Mobile	18	0	1
7424	Male	24	DE	Free	64	96	0.08	Desktop	8	0	0
7425	Male	42	US	Student	98	48	0.27	Web	0	1	0
7426	Other	34	DE	Premium	187	41	0.59	Mobile	0	1	0
7427	Male	47	IN	Premium	153	56	0.03	Web	0	1	1
7428	Female	22	IN	Free	237	40	0.46	Web	13	0	0
7429	Other	33	FR	Family	52	72	0.5	Web	0	1	0
7430	Female	41	AU	Family	84	13	0.44	Web	0	1	0
7431	Female	26	CA	Free	209	41	0.59	Web	45	0	1
7432	Male	37	UK	Student	264	40	0.35	Mobile	0	1	1
7433	Other	28	CA	Family	185	45	0.3	Web	0	1	0
7434	Other	58	AU	Premium	171	97	0.03	Web	0	1	0
7435	Male	18	US	Student	174	1	0.3	Web	0	1	0
7436	Male	16	CA	Free	164	82	0.57	Desktop	21	0	0
7437	Other	54	IN	Premium	240	77	0.25	Mobile	0	1	0
7438	Male	48	FR	Free	162	68	0.39	Desktop	44	0	0
7439	Male	21	IN	Premium	154	96	0.25	Mobile	0	1	0
7440	Other	26	IN	Free	32	58	0.01	Web	42	0	0
7441	Male	24	CA	Family	283	75	0.11	Desktop	0	1	1
7442	Male	49	UK	Family	252	91	0.26	Mobile	0	1	0
7443	Male	57	FR	Student	75	7	0.21	Mobile	0	1	0
7444	Male	22	PK	Family	59	54	0.03	Desktop	0	1	0
7445	Female	23	UK	Premium	221	41	0.3	Desktop	0	1	0
7446	Male	16	DE	Family	238	1	0.09	Desktop	0	1	0
7447	Female	57	UK	Student	249	52	0.31	Web	0	1	0
7448	Female	50	FR	Student	66	91	0.38	Desktop	0	1	0
7449	Other	31	AU	Free	112	17	0.37	Web	42	0	0
7450	Female	44	UK	Free	115	54	0.49	Web	8	0	1
7451	Female	41	FR	Student	67	79	0.14	Mobile	0	1	0
7452	Male	22	PK	Premium	143	3	0.54	Mobile	0	1	0
7453	Female	36	AU	Premium	131	46	0.32	Mobile	0	1	0
7454	Female	55	FR	Student	112	44	0.03	Web	0	1	0
7455	Other	27	CA	Student	167	87	0.55	Web	0	1	0
7456	Female	23	IN	Student	265	4	0.47	Web	0	1	1
7457	Other	53	DE	Family	154	13	0.21	Web	0	1	0
7458	Male	19	DE	Student	57	73	0.5	Desktop	0	1	0
7459	Male	35	AU	Student	285	83	0.39	Desktop	0	1	1
7460	Female	31	IN	Free	123	60	0.17	Web	17	0	0
7461	Female	42	US	Free	140	20	0.37	Desktop	35	0	0
7462	Female	35	PK	Free	178	31	0.59	Web	36	0	0
7463	Other	35	FR	Family	27	68	0.25	Mobile	0	1	0
7464	Other	57	FR	Family	120	83	0.39	Mobile	0	1	0
7465	Male	32	DE	Free	20	67	0.12	Web	16	0	1
7466	Other	59	PK	Student	127	54	0.52	Web	0	1	0
7467	Other	34	AU	Student	190	19	0.45	Mobile	0	1	0
7468	Male	49	DE	Family	162	13	0.49	Web	0	1	1
7469	Other	38	AU	Family	142	68	0.23	Web	0	1	0
7470	Other	30	CA	Free	152	54	0.19	Desktop	20	0	0
7471	Male	55	IN	Free	203	4	0.31	Mobile	10	0	0
7472	Male	34	PK	Family	64	22	0.38	Mobile	0	1	0
7473	Female	52	AU	Family	36	95	0.04	Desktop	0	1	0
7474	Male	50	PK	Free	62	78	0.52	Desktop	41	0	0
7475	Female	25	IN	Premium	112	18	0.42	Desktop	0	1	0
7476	Other	43	PK	Premium	165	76	0.48	Web	0	1	0
7477	Male	46	FR	Student	188	83	0.15	Mobile	0	1	0
7478	Female	46	PK	Family	224	16	0.52	Desktop	0	1	1
7479	Male	54	CA	Premium	275	47	0.11	Desktop	0	1	0
7480	Female	47	PK	Free	150	66	0.1	Mobile	14	0	0
7481	Male	51	CA	Free	78	93	0.27	Desktop	37	0	1
7482	Male	42	IN	Free	89	99	0.21	Web	15	0	0
7483	Male	30	UK	Premium	75	5	0.02	Web	0	1	1
7484	Female	42	AU	Free	54	24	0.31	Mobile	33	0	0
7485	Male	53	US	Free	27	14	0.2	Mobile	21	0	0
7486	Female	50	DE	Family	260	54	0.55	Web	0	1	0
7487	Male	48	PK	Student	123	70	0.41	Mobile	0	1	1
7488	Female	21	AU	Premium	86	48	0.43	Desktop	0	1	0
7489	Female	23	PK	Family	286	57	0.57	Web	0	1	0
7490	Male	40	IN	Free	38	54	0.24	Web	26	0	0
7491	Other	35	FR	Free	15	65	0.18	Desktop	45	0	0
7492	Other	32	FR	Premium	139	69	0.56	Desktop	0	1	0
7493	Male	29	UK	Family	186	57	0.38	Mobile	0	1	1
7494	Female	25	FR	Free	26	63	0.21	Web	14	0	0
7495	Male	48	PK	Premium	89	49	0.05	Mobile	0	1	0
7496	Male	46	AU	Premium	250	47	0.31	Desktop	0	1	1
7497	Female	52	IN	Premium	152	13	0.01	Mobile	0	1	0
7498	Female	18	AU	Student	221	21	0.29	Mobile	0	1	1
7499	Male	35	DE	Family	120	6	0.19	Desktop	0	1	0
7500	Other	45	AU	Premium	216	4	0.02	Web	0	1	0
7501	Male	29	IN	Family	292	21	0.43	Mobile	0	1	0
7502	Female	27	PK	Free	99	79	0.37	Desktop	7	0	0
7503	Female	27	US	Student	52	35	0.11	Mobile	0	1	0
7504	Other	49	DE	Student	233	78	0.31	Mobile	0	1	1
7505	Female	18	AU	Free	91	91	0.22	Mobile	23	0	0
7506	Male	40	IN	Free	64	4	0.1	Desktop	32	0	0
7507	Other	44	DE	Free	224	6	0.21	Web	44	0	0
7508	Female	22	FR	Student	48	11	0.15	Mobile	0	1	0
7509	Other	54	AU	Premium	253	34	0.41	Mobile	0	1	0
7510	Female	30	FR	Free	235	69	0.48	Desktop	30	0	1
7511	Other	20	FR	Free	258	60	0.12	Mobile	5	0	0
7512	Other	51	IN	Student	27	35	0.33	Mobile	0	1	0
7513	Other	40	IN	Premium	174	95	0.19	Desktop	0	1	0
7514	Other	49	PK	Free	158	54	0.44	Desktop	5	0	0
7515	Female	40	IN	Free	227	3	0.58	Desktop	31	0	0
7516	Male	36	US	Student	40	61	0.17	Web	0	1	0
7517	Male	35	FR	Free	154	91	0.57	Web	20	0	1
7518	Male	30	AU	Premium	269	21	0.53	Desktop	0	1	0
7519	Female	27	UK	Student	69	52	0.19	Mobile	0	1	1
7520	Female	53	FR	Free	64	20	0.35	Web	44	0	0
7521	Male	42	IN	Student	74	51	0.27	Mobile	0	1	0
7522	Male	54	DE	Student	62	19	0.35	Mobile	0	1	1
7523	Other	24	DE	Student	246	96	0.24	Mobile	0	1	0
7524	Female	20	AU	Premium	18	9	0.05	Desktop	0	1	1
7525	Female	24	CA	Premium	60	12	0.1	Web	0	1	0
7526	Other	24	AU	Student	26	2	0.57	Mobile	0	1	1
7527	Female	58	PK	Student	57	68	0.53	Desktop	0	1	0
7528	Other	56	US	Student	93	83	0.02	Mobile	0	1	0
7529	Other	56	CA	Student	293	60	0.4	Mobile	0	1	0
7530	Male	40	CA	Student	176	95	0.03	Web	0	1	0
7531	Other	20	DE	Free	133	19	0.27	Desktop	35	0	0
7532	Male	47	DE	Student	292	27	0.58	Desktop	0	1	0
7533	Other	35	CA	Premium	202	39	0.09	Web	0	1	0
7534	Other	42	AU	Family	174	92	0.2	Mobile	0	1	0
7535	Other	20	IN	Premium	184	10	0.14	Desktop	0	1	1
7536	Male	26	IN	Family	273	38	0.39	Web	0	1	1
7537	Female	57	IN	Family	207	32	0.13	Desktop	0	1	1
7538	Male	47	US	Free	120	35	0.46	Web	26	0	0
7539	Male	53	UK	Family	52	65	0.47	Desktop	0	1	0
7540	Male	20	US	Premium	31	36	0.38	Desktop	0	1	0
7541	Male	41	IN	Family	297	3	0.21	Mobile	0	1	0
7542	Male	22	UK	Family	64	78	0.56	Mobile	0	1	0
7543	Other	37	FR	Free	256	79	0.22	Mobile	25	0	0
7544	Female	22	IN	Family	288	88	0.17	Web	0	1	1
7545	Female	42	PK	Student	23	33	0.41	Desktop	0	1	0
7546	Female	41	AU	Student	71	64	0.01	Web	0	1	1
7547	Female	28	IN	Family	286	97	0.24	Desktop	0	1	0
7548	Male	42	US	Premium	133	1	0.03	Mobile	0	1	0
7549	Male	41	DE	Student	268	1	0.41	Desktop	0	1	0
7550	Other	49	US	Free	92	59	0.11	Web	23	0	0
7551	Other	44	CA	Family	124	41	0.59	Web	0	1	0
7552	Male	18	IN	Premium	102	43	0.36	Web	0	1	0
7553	Other	35	AU	Family	172	22	0.23	Mobile	0	1	0
7554	Male	43	US	Premium	32	94	0.06	Web	0	1	0
7555	Other	48	IN	Family	279	49	0.15	Mobile	0	1	0
7556	Female	47	DE	Premium	266	72	0.08	Web	0	1	0
7557	Other	34	AU	Free	254	69	0.32	Web	20	0	1
7558	Female	29	US	Family	18	51	0.12	Mobile	0	1	0
7559	Other	18	US	Student	70	90	0.21	Web	0	1	0
7560	Female	28	FR	Student	25	69	0.25	Web	0	1	0
7561	Male	50	IN	Student	209	10	0.07	Desktop	0	1	0
7562	Other	19	PK	Free	288	29	0.13	Web	41	0	0
7563	Other	52	CA	Free	197	62	0.03	Web	29	0	1
7564	Other	37	IN	Premium	293	96	0.55	Web	0	1	0
7565	Other	22	UK	Student	122	80	0.56	Web	0	1	0
7566	Male	39	UK	Premium	194	6	0.09	Mobile	0	1	1
7567	Male	59	PK	Family	235	39	0.28	Web	0	1	0
7568	Male	22	FR	Free	27	8	0.48	Desktop	38	0	0
7569	Male	46	DE	Free	60	75	0.57	Web	42	0	0
7570	Other	39	DE	Premium	131	63	0.01	Desktop	0	1	0
7571	Male	49	US	Premium	146	77	0.4	Desktop	0	1	1
7572	Other	40	DE	Student	65	95	0.1	Desktop	0	1	0
7573	Male	42	AU	Student	125	27	0.1	Desktop	0	1	0
7574	Female	37	IN	Premium	108	97	0.21	Mobile	0	1	0
7575	Female	51	DE	Free	212	64	0.48	Desktop	10	0	0
7576	Other	34	US	Student	260	97	0.23	Desktop	0	1	0
7577	Male	46	PK	Premium	185	93	0.46	Mobile	0	1	0
7578	Other	22	PK	Family	155	57	0.6	Mobile	0	1	0
7579	Male	35	PK	Premium	241	33	0.04	Desktop	0	1	0
7580	Male	58	IN	Premium	227	82	0.42	Desktop	0	1	1
7581	Other	32	PK	Free	182	30	0.47	Desktop	25	0	1
7582	Male	41	AU	Premium	274	55	0.5	Web	0	1	0
7583	Male	30	DE	Premium	107	95	0.27	Mobile	0	1	0
7584	Female	36	IN	Premium	250	44	0.31	Mobile	0	1	0
7585	Other	25	CA	Premium	237	28	0.03	Mobile	0	1	1
7586	Other	49	US	Free	182	81	0.6	Web	32	0	0
7587	Other	38	IN	Free	134	93	0.12	Mobile	47	0	1
7588	Male	28	DE	Premium	48	80	0.57	Mobile	0	1	1
7589	Female	32	CA	Family	249	97	0.41	Desktop	0	1	0
7590	Other	52	AU	Free	184	10	0.27	Web	11	0	0
7591	Female	24	DE	Free	227	92	0.07	Mobile	43	0	1
7592	Male	42	PK	Free	240	34	0.5	Desktop	30	0	0
7593	Male	30	US	Premium	82	81	0.41	Web	0	1	0
7594	Male	54	CA	Premium	179	10	0.14	Desktop	0	1	0
7595	Female	17	PK	Free	234	98	0.4	Mobile	25	0	0
7596	Other	53	US	Premium	254	11	0.04	Web	0	1	0
7597	Male	48	FR	Family	59	96	0.41	Mobile	0	1	0
7598	Female	44	IN	Student	10	81	0.55	Mobile	0	1	0
7599	Male	17	CA	Family	288	8	0.37	Desktop	0	1	0
7600	Other	48	CA	Family	148	90	0.1	Mobile	0	1	0
7601	Female	42	AU	Family	55	30	0.23	Desktop	0	1	1
7602	Female	37	CA	Student	287	15	0.34	Desktop	0	1	0
7603	Male	28	FR	Premium	150	88	0.16	Desktop	0	1	0
7604	Female	17	US	Family	136	58	0.51	Web	0	1	0
7605	Other	23	DE	Premium	89	58	0.4	Desktop	0	1	0
7606	Female	45	US	Student	11	16	0.58	Mobile	0	1	0
7607	Male	49	FR	Family	163	54	0.57	Desktop	0	1	0
7608	Other	53	DE	Student	129	54	0.12	Desktop	0	1	0
7609	Male	20	FR	Student	144	62	0.19	Desktop	0	1	1
7610	Female	20	US	Free	119	69	0.21	Mobile	38	0	1
7611	Other	53	IN	Family	106	90	0.32	Mobile	0	1	0
7612	Female	51	UK	Premium	46	23	0.09	Desktop	0	1	0
7613	Other	35	CA	Premium	243	65	0.55	Mobile	0	1	0
7614	Female	46	US	Free	268	45	0.19	Mobile	6	0	0
7615	Other	56	PK	Premium	210	2	0.52	Desktop	0	1	0
7616	Other	17	CA	Free	179	92	0.53	Web	6	0	0
7617	Other	28	PK	Student	173	31	0.43	Desktop	0	1	0
7618	Other	34	FR	Premium	292	36	0.32	Desktop	0	1	0
7619	Female	57	PK	Premium	147	74	0.57	Web	0	1	1
7620	Male	29	US	Premium	194	38	0.47	Web	0	1	0
7621	Other	48	US	Free	287	44	0.07	Web	10	0	0
7622	Female	39	AU	Student	112	25	0.36	Mobile	0	1	0
7623	Female	49	FR	Free	40	64	0.38	Desktop	12	0	1
7624	Female	50	US	Premium	199	26	0.29	Desktop	0	1	0
7625	Other	18	US	Family	198	31	0.44	Desktop	0	1	0
7626	Female	43	PK	Family	77	78	0.21	Mobile	0	1	1
7627	Female	57	FR	Family	133	77	0.17	Web	0	1	0
7628	Male	58	AU	Free	65	7	0.32	Desktop	9	0	0
7629	Female	52	DE	Student	115	70	0.25	Desktop	0	1	0
7630	Other	39	IN	Student	62	28	0.56	Mobile	0	1	0
7631	Female	50	FR	Free	281	5	0.21	Mobile	24	0	0
7632	Other	39	AU	Student	65	3	0.28	Mobile	0	1	0
7633	Male	29	PK	Free	281	22	0.24	Desktop	8	0	0
7634	Male	40	PK	Family	249	95	0.35	Web	0	1	1
7635	Other	16	AU	Premium	117	62	0.05	Desktop	0	1	0
7636	Male	19	CA	Student	244	7	0.22	Mobile	0	1	1
7637	Female	32	UK	Premium	119	3	0.42	Web	0	1	0
7638	Other	51	DE	Family	32	12	0.58	Mobile	0	1	0
7639	Male	18	IN	Premium	183	11	0.32	Desktop	0	1	0
7640	Male	17	FR	Free	57	78	0.57	Mobile	21	0	0
7641	Male	55	CA	Student	268	67	0.22	Mobile	0	1	1
7642	Male	46	UK	Free	257	32	0.1	Desktop	44	0	0
7643	Male	21	DE	Free	146	46	0.25	Web	32	0	0
7644	Other	36	FR	Premium	88	47	0.14	Mobile	0	1	1
7645	Female	56	US	Premium	30	86	0.05	Web	0	1	1
7646	Other	41	DE	Student	99	58	0.59	Mobile	0	1	0
7647	Other	52	IN	Premium	58	11	0.55	Web	0	1	0
7648	Female	43	FR	Free	53	13	0.38	Mobile	30	0	0
7649	Male	33	PK	Family	204	77	0.08	Web	0	1	0
7650	Other	49	AU	Family	165	16	0.33	Mobile	0	1	1
7651	Female	41	UK	Free	149	66	0.52	Mobile	35	0	1
7652	Male	35	IN	Family	140	62	0.14	Web	0	1	0
7653	Female	20	PK	Free	224	34	0.08	Mobile	19	0	1
7654	Male	46	AU	Student	255	21	0.5	Mobile	0	1	0
7655	Male	49	AU	Student	195	85	0.16	Web	0	1	0
7656	Other	59	UK	Family	63	41	0.25	Web	0	1	1
7657	Male	26	US	Student	193	53	0.38	Web	0	1	0
7658	Male	35	FR	Premium	234	13	0.04	Web	0	1	1
7659	Female	52	UK	Student	49	15	0.23	Web	0	1	1
7660	Female	41	CA	Student	125	24	0.6	Desktop	0	1	0
7661	Female	41	CA	Premium	15	95	0.52	Mobile	0	1	0
7662	Male	51	IN	Family	92	54	0.08	Web	0	1	1
7663	Female	58	IN	Student	143	30	0.41	Desktop	0	1	0
7664	Male	51	FR	Student	127	52	0.3	Desktop	0	1	0
7665	Other	55	US	Premium	295	55	0.54	Mobile	0	1	0
7666	Female	59	CA	Premium	19	97	0.3	Desktop	0	1	1
7667	Female	23	UK	Student	204	3	0.15	Web	0	1	0
7668	Other	20	FR	Family	231	84	0.46	Desktop	0	1	0
7669	Male	53	AU	Student	28	87	0.24	Mobile	0	1	0
7670	Female	54	AU	Student	79	76	0.42	Web	0	1	0
7671	Female	59	IN	Free	57	33	0.48	Web	12	0	0
7672	Female	56	CA	Premium	292	57	0.29	Desktop	0	1	0
7673	Other	41	CA	Premium	241	13	0.13	Web	0	1	1
7674	Female	43	IN	Family	195	69	0.55	Web	0	1	1
7675	Female	55	AU	Free	127	14	0.08	Web	16	0	0
7676	Male	18	FR	Premium	182	35	0.35	Mobile	0	1	0
7677	Male	53	UK	Student	129	40	0.27	Desktop	0	1	0
7678	Male	20	IN	Family	29	6	0.31	Web	0	1	0
7679	Other	53	PK	Student	52	18	0.53	Mobile	0	1	0
7680	Male	32	IN	Student	93	3	0.22	Web	0	1	0
7681	Male	49	DE	Student	71	76	0.6	Desktop	0	1	1
7682	Female	29	CA	Student	155	22	0.49	Mobile	0	1	0
7683	Female	58	IN	Premium	264	80	0.28	Desktop	0	1	0
7684	Male	36	FR	Family	189	73	0.14	Desktop	0	1	0
7685	Female	48	UK	Student	105	17	0.32	Desktop	0	1	0
7686	Female	26	FR	Family	106	44	0.17	Mobile	0	1	0
7687	Other	55	US	Free	47	71	0.23	Desktop	25	0	1
7688	Male	28	AU	Family	193	70	0.22	Mobile	0	1	0
7689	Male	48	PK	Family	249	78	0.05	Web	0	1	0
7690	Other	41	UK	Premium	23	77	0.02	Desktop	0	1	0
7691	Female	28	FR	Free	56	58	0.31	Mobile	20	0	1
7692	Female	30	IN	Student	135	35	0.47	Desktop	0	1	0
7693	Male	37	UK	Free	51	33	0.17	Web	35	0	1
7694	Female	35	US	Premium	117	57	0.22	Mobile	0	1	1
7695	Other	56	PK	Premium	187	2	0.11	Mobile	0	1	0
7696	Male	32	IN	Premium	296	60	0.23	Web	0	1	0
7697	Male	42	PK	Premium	171	12	0.28	Desktop	0	1	0
7698	Other	18	IN	Family	180	84	0.05	Desktop	0	1	0
7699	Female	37	CA	Free	268	51	0.04	Web	13	0	0
7700	Male	33	CA	Student	57	50	0.29	Desktop	0	1	0
7701	Female	19	UK	Family	73	18	0.54	Mobile	0	1	1
7702	Other	32	PK	Premium	278	38	0.22	Mobile	0	1	0
7703	Other	33	IN	Free	150	5	0.42	Mobile	22	0	0
7704	Male	52	UK	Free	204	23	0.35	Desktop	10	0	0
7705	Male	32	DE	Family	63	44	0.14	Desktop	0	1	0
7706	Other	58	UK	Premium	154	33	0.45	Web	0	1	0
7707	Male	54	DE	Student	293	37	0.31	Desktop	0	1	0
7708	Other	35	PK	Student	144	12	0.27	Web	0	1	0
7709	Male	30	DE	Premium	210	65	0.02	Web	0	1	0
7710	Female	42	FR	Family	295	4	0.04	Web	0	1	0
7711	Female	55	UK	Student	172	18	0.34	Desktop	0	1	0
7712	Male	25	FR	Student	230	20	0.31	Mobile	0	1	0
7713	Male	42	US	Free	159	44	0.47	Web	20	0	0
7714	Male	48	IN	Family	76	26	0.02	Desktop	0	1	1
7715	Other	39	CA	Premium	183	28	0.34	Desktop	0	1	0
7716	Other	26	UK	Premium	198	59	0.05	Web	0	1	1
7717	Male	17	DE	Student	128	34	0.06	Mobile	0	1	1
7718	Female	41	UK	Free	55	12	0.2	Desktop	17	0	0
7719	Male	19	US	Free	147	58	0.21	Web	22	0	0
7720	Female	26	US	Student	11	57	0.58	Mobile	0	1	0
7721	Female	26	FR	Premium	17	26	0.25	Mobile	0	1	0
7722	Female	45	CA	Premium	26	28	0.41	Mobile	0	1	0
7723	Male	46	IN	Family	202	13	0.45	Desktop	0	1	0
7724	Other	29	FR	Family	196	81	0.16	Mobile	0	1	0
7725	Male	59	UK	Free	142	29	0.05	Desktop	11	0	0
7726	Male	50	US	Premium	226	38	0.28	Mobile	0	1	0
7727	Female	19	DE	Student	255	98	0.5	Mobile	0	1	0
7728	Other	36	AU	Free	228	44	0.02	Mobile	31	0	0
7729	Male	22	FR	Free	100	84	0.02	Mobile	26	0	0
7730	Other	55	IN	Student	298	50	0.11	Desktop	0	1	0
7731	Other	26	PK	Family	167	82	0.14	Web	0	1	0
7732	Female	19	US	Family	51	24	0.08	Web	0	1	0
7733	Female	20	IN	Free	265	40	0.56	Mobile	11	0	0
7734	Other	55	PK	Student	127	65	0.06	Desktop	0	1	1
7735	Male	37	FR	Family	211	73	0.45	Desktop	0	1	0
7736	Female	52	CA	Student	46	65	0.33	Mobile	0	1	1
7737	Other	20	UK	Family	99	9	0.35	Web	0	1	0
7738	Male	51	FR	Family	181	42	0.58	Web	0	1	0
7739	Female	22	PK	Premium	170	12	0.52	Mobile	0	1	0
7740	Other	57	US	Student	221	22	0.57	Mobile	0	1	0
7741	Other	52	CA	Family	49	62	0.37	Mobile	0	1	0
7742	Other	51	US	Student	217	92	0.34	Web	0	1	0
7743	Other	16	PK	Premium	138	99	0.46	Mobile	0	1	0
7744	Male	41	PK	Free	267	75	0.43	Desktop	15	0	0
7745	Other	58	FR	Free	83	50	0.12	Web	8	0	0
7746	Female	38	DE	Student	142	80	0.35	Desktop	0	1	0
7747	Other	25	AU	Premium	50	63	0.28	Web	0	1	1
7748	Female	34	UK	Free	12	1	0.42	Desktop	29	0	1
7749	Other	30	IN	Free	118	21	0.33	Mobile	49	0	1
7750	Male	44	UK	Premium	74	4	0.05	Mobile	0	1	0
7751	Other	33	DE	Family	176	66	0.38	Mobile	0	1	0
7752	Male	27	PK	Student	156	61	0.23	Web	0	1	1
7753	Male	17	IN	Family	61	91	0.6	Desktop	0	1	0
7754	Female	32	CA	Premium	90	86	0.42	Web	0	1	0
7755	Male	38	IN	Free	61	8	0.16	Desktop	26	0	0
7756	Other	55	IN	Free	251	96	0.11	Web	48	0	0
7757	Other	28	CA	Free	277	85	0.15	Web	9	0	0
7758	Female	41	AU	Student	216	99	0.1	Web	0	1	0
7759	Male	32	US	Premium	116	43	0.21	Desktop	0	1	1
7760	Female	43	PK	Student	272	95	0.38	Mobile	0	1	0
7761	Other	53	DE	Family	245	29	0.48	Web	0	1	0
7762	Male	39	IN	Premium	116	7	0.04	Desktop	0	1	1
7763	Female	48	UK	Premium	151	93	0.31	Desktop	0	1	0
7764	Other	36	US	Student	12	98	0.29	Web	0	1	0
7765	Male	40	FR	Family	67	91	0.14	Mobile	0	1	0
7766	Female	25	UK	Free	120	43	0.15	Web	11	0	0
7767	Other	35	US	Premium	135	88	0.2	Desktop	0	1	0
7768	Male	16	UK	Free	113	7	0.22	Desktop	15	0	0
7769	Other	26	US	Free	119	39	0.52	Mobile	6	0	0
7770	Female	18	CA	Premium	218	13	0.23	Desktop	0	1	0
7771	Other	28	DE	Free	207	56	0.2	Mobile	6	0	1
7772	Other	58	US	Free	260	50	0.1	Mobile	47	0	0
7773	Male	58	US	Premium	254	21	0.3	Desktop	0	1	0
7774	Female	51	DE	Family	15	6	0.06	Desktop	0	1	0
7775	Other	46	FR	Family	15	60	0.55	Web	0	1	0
7776	Male	39	UK	Free	114	90	0.37	Mobile	30	0	0
7777	Female	17	CA	Free	241	91	0.53	Web	10	0	0
7778	Male	27	CA	Premium	250	39	0.51	Web	0	1	0
7779	Other	39	UK	Free	177	89	0.35	Mobile	22	0	0
7780	Other	53	PK	Student	293	18	0.23	Mobile	0	1	0
7781	Male	44	CA	Family	106	59	0.48	Web	0	1	0
7782	Other	41	FR	Family	150	51	0.55	Mobile	0	1	1
7783	Male	45	AU	Free	94	13	0.58	Web	45	0	1
7784	Male	49	AU	Premium	264	16	0.52	Web	0	1	0
7785	Other	26	CA	Student	253	92	0.29	Web	0	1	0
7786	Other	47	IN	Student	44	14	0.2	Desktop	0	1	1
7787	Male	24	IN	Free	298	67	0.42	Mobile	11	0	0
7788	Female	38	DE	Free	139	81	0.09	Mobile	30	0	0
7789	Female	28	PK	Free	169	32	0.52	Web	28	0	0
7790	Other	43	UK	Premium	210	34	0.27	Mobile	0	1	0
7791	Female	20	PK	Premium	161	93	0.01	Web	0	1	0
7792	Female	30	UK	Premium	147	31	0.07	Mobile	0	1	0
7793	Female	27	AU	Student	254	79	0.09	Mobile	0	1	1
7794	Female	55	IN	Premium	141	55	0.46	Mobile	0	1	1
7795	Female	17	IN	Premium	281	4	0.38	Web	0	1	0
7796	Other	32	US	Premium	209	12	0.51	Web	0	1	1
7797	Other	58	PK	Student	141	15	0.56	Mobile	0	1	1
7798	Other	35	US	Free	200	82	0.03	Mobile	37	0	0
7799	Female	33	PK	Student	31	91	0.46	Mobile	0	1	0
7800	Male	23	IN	Student	201	23	0.32	Web	0	1	0
7801	Other	38	US	Premium	101	65	0.54	Desktop	0	1	1
7802	Female	46	FR	Premium	212	45	0.34	Desktop	0	1	0
7803	Other	21	DE	Student	249	75	0.31	Mobile	0	1	1
7804	Male	58	CA	Student	28	98	0.33	Mobile	0	1	0
7805	Female	21	DE	Family	235	49	0.29	Desktop	0	1	1
7806	Other	23	AU	Student	213	84	0	Web	0	1	0
7807	Male	55	US	Premium	129	24	0.19	Mobile	0	1	1
7808	Female	59	IN	Student	157	68	0.01	Desktop	0	1	0
7809	Male	16	PK	Premium	161	27	0.58	Web	0	1	0
7810	Female	21	FR	Family	84	31	0.5	Desktop	0	1	1
7811	Other	44	CA	Free	95	74	0.24	Web	23	0	0
7812	Male	58	DE	Free	110	11	0.43	Desktop	6	0	0
7813	Female	44	PK	Free	285	95	0.12	Desktop	9	0	1
7814	Other	30	UK	Free	77	92	0.52	Desktop	19	0	1
7815	Female	39	DE	Family	298	65	0.38	Mobile	0	1	0
7816	Female	59	FR	Premium	109	70	0.27	Web	0	1	0
7817	Other	43	US	Family	264	45	0.38	Desktop	0	1	0
7818	Other	26	FR	Premium	42	73	0.55	Web	0	1	0
7819	Female	36	FR	Student	110	4	0.37	Mobile	0	1	0
7820	Other	47	FR	Family	44	83	0.05	Desktop	0	1	1
7821	Other	42	IN	Free	96	5	0.08	Mobile	21	0	0
7822	Other	58	US	Family	214	45	0.33	Desktop	0	1	0
7823	Male	54	AU	Premium	23	60	0.36	Desktop	0	1	1
7824	Female	52	IN	Student	116	99	0.4	Web	0	1	0
7825	Female	42	CA	Student	111	64	0.38	Web	0	1	1
7826	Other	44	DE	Free	17	73	0.04	Web	34	0	0
7827	Other	53	UK	Family	266	34	0.1	Web	0	1	0
7828	Other	38	DE	Student	24	88	0.54	Web	0	1	1
7829	Other	34	PK	Free	209	59	0.06	Desktop	28	0	0
7830	Female	30	UK	Student	109	62	0.43	Web	0	1	1
7831	Male	29	IN	Premium	279	45	0.15	Desktop	0	1	1
7832	Female	19	IN	Free	222	1	0.58	Web	45	0	0
7833	Female	59	IN	Free	147	2	0.23	Desktop	47	0	0
7834	Female	23	FR	Free	246	2	0.4	Mobile	14	0	1
7835	Female	37	IN	Premium	61	62	0.57	Desktop	0	1	0
7836	Female	18	FR	Free	117	2	0.08	Desktop	29	0	0
7837	Female	49	US	Student	245	79	0.08	Mobile	0	1	0
7838	Other	39	UK	Family	124	15	0.27	Desktop	0	1	0
7839	Other	32	IN	Student	106	50	0.33	Web	0	1	0
7840	Other	16	CA	Family	73	71	0.04	Desktop	0	1	0
7841	Male	23	US	Student	42	72	0.24	Mobile	0	1	0
7842	Other	55	FR	Family	274	64	0.43	Web	0	1	0
7843	Female	31	IN	Premium	62	11	0.31	Desktop	0	1	0
7844	Female	52	US	Student	220	31	0.54	Desktop	0	1	0
7845	Female	59	UK	Premium	275	1	0.29	Web	0	1	0
7846	Male	28	PK	Free	70	25	0.12	Desktop	38	0	1
7847	Female	36	UK	Free	48	74	0.48	Mobile	10	0	0
7848	Female	25	US	Family	106	32	0.37	Desktop	0	1	0
7849	Other	46	DE	Family	14	24	0.35	Web	0	1	1
7850	Female	22	PK	Family	150	24	0.04	Mobile	0	1	1
7851	Male	22	PK	Free	59	78	0.58	Mobile	45	0	0
7852	Female	27	IN	Free	194	27	0.52	Mobile	43	0	1
7853	Other	36	IN	Premium	242	47	0.12	Mobile	0	1	0
7854	Female	42	DE	Free	223	88	0.59	Desktop	21	0	0
7855	Other	31	DE	Premium	99	20	0.22	Web	0	1	0
7856	Female	47	IN	Free	104	29	0.55	Mobile	32	0	1
7857	Female	41	CA	Free	41	77	0.04	Desktop	24	0	1
7858	Male	31	IN	Premium	14	67	0.39	Mobile	0	1	0
7859	Female	36	FR	Premium	199	46	0.21	Web	0	1	0
7860	Male	28	PK	Student	263	40	0.27	Web	0	1	0
7861	Male	28	US	Premium	180	88	0.28	Mobile	0	1	1
7862	Male	21	FR	Student	54	61	0.5	Mobile	0	1	1
7863	Other	42	IN	Free	211	36	0.4	Desktop	34	0	0
7864	Female	37	CA	Family	192	23	0.06	Mobile	0	1	0
7865	Other	16	IN	Student	52	97	0.11	Mobile	0	1	0
7866	Other	39	US	Premium	151	35	0.32	Desktop	0	1	0
7867	Male	28	FR	Family	248	46	0.27	Web	0	1	0
7868	Male	46	PK	Family	133	74	0.5	Web	0	1	0
7869	Other	48	UK	Premium	164	40	0.54	Mobile	0	1	0
7870	Male	59	DE	Free	269	43	0.09	Mobile	37	0	0
7871	Other	36	DE	Free	135	79	0.53	Mobile	25	0	0
7872	Female	18	US	Student	200	14	0.51	Desktop	0	1	0
7873	Other	23	US	Student	75	95	0.31	Web	0	1	0
7874	Male	20	FR	Student	132	71	0.43	Web	0	1	0
7875	Other	46	UK	Premium	296	95	0.56	Mobile	0	1	0
7876	Other	19	UK	Student	96	22	0.28	Desktop	0	1	0
7877	Female	43	UK	Premium	117	68	0.3	Mobile	0	1	0
7878	Male	36	DE	Premium	193	45	0.52	Web	0	1	1
7879	Female	47	PK	Premium	264	65	0.29	Mobile	0	1	1
7880	Other	31	US	Family	87	13	0.11	Desktop	0	1	1
7881	Male	25	IN	Premium	235	13	0.58	Desktop	0	1	1
7882	Other	50	FR	Free	216	6	0.39	Web	8	0	0
7883	Other	22	FR	Student	287	47	0.37	Web	0	1	0
7884	Female	45	FR	Student	215	5	0.25	Desktop	0	1	0
7885	Male	31	PK	Student	180	6	0.28	Desktop	0	1	0
7886	Other	28	DE	Premium	44	26	0.08	Web	0	1	0
7887	Male	37	PK	Free	220	91	0.56	Mobile	47	0	1
7888	Male	55	AU	Family	134	25	0.21	Mobile	0	1	0
7889	Female	46	AU	Free	105	21	0.32	Desktop	11	0	0
7890	Female	34	PK	Student	28	60	0.58	Mobile	0	1	0
7891	Other	59	FR	Free	22	48	0.05	Mobile	17	0	0
7892	Other	32	CA	Student	174	46	0.11	Mobile	0	1	1
7893	Female	41	IN	Free	277	79	0.25	Mobile	14	0	0
7894	Female	58	DE	Student	292	51	0.17	Mobile	0	1	0
7895	Female	34	AU	Free	56	51	0.21	Web	37	0	0
7896	Male	58	AU	Free	229	28	0.58	Mobile	11	0	0
7897	Female	32	PK	Student	115	76	0.16	Mobile	0	1	1
7898	Other	38	DE	Premium	248	57	0.06	Web	0	1	0
7899	Other	28	US	Student	84	52	0.03	Desktop	0	1	1
7900	Other	31	DE	Family	53	97	0.07	Web	0	1	0
7901	Female	21	FR	Premium	52	60	0.11	Desktop	0	1	1
7902	Female	24	FR	Free	86	23	0.28	Desktop	28	0	1
7903	Female	16	US	Student	67	52	0.29	Mobile	0	1	0
7904	Female	43	CA	Family	199	5	0.08	Desktop	0	1	0
7905	Male	27	UK	Premium	248	93	0.32	Desktop	0	1	0
7906	Other	27	DE	Student	198	50	0.57	Desktop	0	1	0
7907	Male	27	DE	Student	154	89	0.22	Desktop	0	1	0
7908	Male	30	PK	Free	228	94	0.35	Desktop	12	0	0
7909	Female	36	UK	Free	288	60	0.38	Web	17	0	0
7910	Other	35	DE	Student	100	8	0.59	Desktop	0	1	0
7911	Other	26	PK	Family	60	35	0.26	Web	0	1	0
7912	Female	57	AU	Premium	159	75	0.42	Desktop	0	1	0
7913	Male	21	PK	Premium	152	3	0.22	Desktop	0	1	0
7914	Female	51	UK	Family	30	85	0.59	Mobile	0	1	0
7915	Female	16	AU	Premium	108	82	0.43	Mobile	0	1	1
7916	Other	45	DE	Premium	26	45	0.56	Web	0	1	0
7917	Other	21	FR	Premium	109	17	0.2	Web	0	1	1
7918	Female	56	CA	Student	178	23	0.39	Mobile	0	1	0
7919	Other	46	UK	Student	137	11	0.3	Mobile	0	1	0
7920	Other	51	PK	Family	298	65	0.2	Mobile	0	1	0
7921	Male	46	US	Student	281	30	0.31	Web	0	1	0
7922	Female	17	CA	Family	62	90	0.34	Web	0	1	0
7923	Female	49	FR	Premium	150	6	0.25	Web	0	1	0
7924	Male	50	DE	Free	29	25	0.3	Desktop	38	0	0
7925	Male	31	FR	Student	209	5	0.16	Desktop	0	1	0
7926	Female	59	PK	Family	96	19	0.37	Mobile	0	1	0
7927	Male	57	PK	Free	85	44	0.31	Mobile	38	0	0
7928	Female	57	AU	Family	189	67	0.45	Mobile	0	1	0
7929	Male	33	IN	Student	266	48	0.16	Mobile	0	1	0
7930	Female	26	CA	Student	262	83	0.32	Web	0	1	1
7931	Female	30	US	Family	106	32	0.33	Desktop	0	1	0
7932	Other	26	DE	Premium	31	4	0.28	Mobile	0	1	0
7933	Male	35	AU	Premium	117	41	0.18	Mobile	0	1	0
7934	Male	43	DE	Premium	37	50	0.16	Mobile	0	1	0
7935	Female	21	AU	Family	178	66	0.18	Mobile	0	1	0
7936	Male	51	CA	Family	106	95	0.4	Web	0	1	0
7937	Other	34	PK	Free	18	69	0.11	Mobile	26	0	1
7938	Female	43	IN	Student	180	16	0.3	Desktop	0	1	0
7939	Male	47	IN	Free	257	11	0.47	Desktop	10	0	1
7940	Male	21	DE	Premium	97	33	0.24	Desktop	0	1	0
7941	Female	31	AU	Premium	237	57	0.59	Mobile	0	1	0
7942	Male	39	FR	Student	106	87	0.47	Web	0	1	0
7943	Other	20	FR	Premium	117	56	0.58	Mobile	0	1	0
7944	Male	33	CA	Student	279	66	0.13	Web	0	1	0
7945	Other	17	PK	Student	17	64	0.32	Web	0	1	1
7946	Female	47	UK	Premium	153	1	0.23	Mobile	0	1	0
7947	Female	58	AU	Student	258	7	0.16	Web	0	1	0
7948	Male	41	IN	Premium	174	20	0.5	Desktop	0	1	0
7949	Male	52	US	Premium	180	21	0.36	Desktop	0	1	0
7950	Male	42	AU	Premium	98	84	0.22	Desktop	0	1	0
7951	Other	41	CA	Family	187	73	0.21	Web	0	1	0
7952	Female	43	IN	Premium	72	25	0.29	Mobile	0	1	0
7953	Male	42	IN	Family	86	16	0.41	Web	0	1	0
7954	Female	49	PK	Family	151	37	0.43	Mobile	0	1	0
7955	Female	46	CA	Premium	159	25	0.28	Desktop	0	1	1
7956	Other	21	DE	Student	106	46	0.49	Web	0	1	0
7957	Male	56	US	Student	101	68	0.11	Web	0	1	0
7958	Female	52	AU	Premium	219	23	0.14	Mobile	0	1	0
7959	Female	38	UK	Family	174	80	0.33	Web	0	1	0
7960	Other	53	UK	Free	197	21	0.09	Mobile	45	0	0
7961	Female	45	AU	Student	145	95	0.41	Web	0	1	0
7962	Male	33	UK	Student	59	76	0.05	Mobile	0	1	0
7963	Female	52	PK	Premium	152	1	0.29	Web	0	1	0
7964	Male	28	UK	Premium	151	70	0.1	Web	0	1	0
7965	Other	51	IN	Premium	145	85	0.3	Desktop	0	1	0
7966	Female	48	DE	Family	215	56	0.4	Mobile	0	1	0
7967	Male	24	CA	Premium	221	93	0.22	Desktop	0	1	0
7968	Female	31	US	Premium	266	38	0.31	Desktop	0	1	0
7969	Female	19	US	Family	170	16	0.51	Web	0	1	0
7970	Female	54	IN	Free	297	79	0.14	Mobile	46	0	0
7971	Female	37	US	Family	277	80	0.37	Web	0	1	0
7972	Male	18	IN	Premium	238	3	0.07	Web	0	1	0
7973	Female	21	PK	Student	161	79	0.46	Mobile	0	1	0
7974	Other	20	DE	Premium	120	11	0.2	Mobile	0	1	0
7975	Other	55	FR	Premium	179	1	0.21	Web	0	1	0
7976	Female	39	PK	Free	177	61	0.28	Mobile	5	0	1
7977	Female	58	IN	Family	280	21	0.06	Web	0	1	0
7978	Female	40	IN	Free	179	33	0.35	Desktop	8	0	0
7979	Female	52	FR	Family	14	30	0.03	Web	0	1	0
7980	Male	54	DE	Free	250	49	0.2	Mobile	44	0	1
7981	Female	23	UK	Student	79	21	0.12	Mobile	0	1	1
7982	Female	44	FR	Family	253	41	0.33	Desktop	0	1	1
7983	Male	57	AU	Premium	176	77	0.43	Web	0	1	1
7984	Female	27	DE	Premium	140	28	0.43	Web	0	1	0
7985	Other	16	PK	Premium	277	76	0.02	Desktop	0	1	1
7986	Male	36	DE	Premium	64	92	0.12	Desktop	0	1	0
7987	Other	27	CA	Student	211	58	0.04	Desktop	0	1	0
7988	Female	21	US	Student	23	77	0.5	Mobile	0	1	0
7989	Male	41	IN	Student	137	74	0.53	Desktop	0	1	1
7990	Female	41	DE	Free	94	59	0.04	Desktop	29	0	0
7991	Male	50	DE	Premium	71	21	0.04	Desktop	0	1	0
7992	Other	16	DE	Family	131	71	0.6	Mobile	0	1	0
7993	Female	32	CA	Free	114	69	0.29	Desktop	49	0	0
7994	Other	29	CA	Free	206	19	0.45	Web	40	0	0
7995	Male	34	PK	Family	21	77	0.56	Desktop	0	1	0
7996	Other	44	DE	Student	237	36	0.3	Mobile	0	1	1
7997	Male	34	AU	Premium	61	64	0.59	Mobile	0	1	0
7998	Female	17	US	Free	81	62	0.33	Desktop	5	0	0
7999	Female	34	IN	Student	245	94	0.27	Desktop	0	1	0
8000	Other	45	AU	Free	210	68	0.46	Desktop	6	0	0